34 129 39 0.32614622701404195
98 22 59 0.11044658892222625
28 42 35 0.4274215630157856
111 161 51 0.3914539694418213
199 325 26 0.3121340892611335
20 76 71 0.5386231859152792
48 384 60 0.6611985781240353
1 18 25 0.6762231230473549
143 146 31 0.34767421427121425
117 136 49 0.34286990002910833
10 163 26 0.3624141168170578
38 207 37 0.418647598049412
38 330 33 0.20261023265794698
72 291 62 0.7805477344419758
194 354 48 0.331411063788392
129 134 98 0.6931442572087193
32 330 69 0.28344239349432176
84 357 42 0.358771824128166
142 267 72 0.2584811745059622
62 267 85 0.9299491240500374
