122 181 41 0.4133096978489673
164 218 37 0.21782139280811474
36 286 29 0.4833156949353482
189 124 102 0.9811823940489462
111 262 84 0.26169752614516195
132 221 105 0.870387394236318
28 343 47 0.3496399732703891
88 354 106 0.9348987827552238
132 169 98 0.677151037370376
44 191 72 0.34629835750556737
41 265 94 0.9087700631394349
16 256 81 0.7213205413657804
131 210 86 0.3996702576239658
165 185 80 0.7807019610231446
37 272 36 0.30706492834922916
9 94 62 0.9097859841979732
97 388 60 0.15700052799209618
185 137 41 0.345239175085743
41 174 62 0.7570736662761633
123 94 41 0.7875257384772959
138 336 98 0.4130616148103925
195 227 98 0.8605768501535372
73 282 91 0.6522294071889199
33 388 105 0.7514017947831139
94 61 89 0.08369652388279925
179 309 105 0.07177758659951028
41 87 63 0.19905838690451327
137 172 108 0.7513745458459772
55 26 62 0.40265105906042065
177 299 68 0.97121037938
194 362 72 0.42434541773048184
152 49 91 0.15971601861805895
