19 8 92 0.39220534590840384
157 287 91 0.35265740039413307
102 92 29 0.6538799183805097
161 36 47 0.8302221389668328
90 355 78 0.5093702820226367
155 171 23 0.9780458902028641
164 214 53 0.8606572008048942
138 345 65 0.9497305210065384
114 277 99 0.2827846223028734
113 102 84 0.8996613610490064
133 165 46 0.5687389227172082
22 288 37 0.5713882694530154
107 324 24 0.2877425906262434
70 396 24 0.26174739357086485
176 5 107 0.6442243409436627
165 369 28 0.5540867134939276
183 3 83 0.5391702061753153
57 358 89 0.2933819686875486
164 215 92 0.5178165501280183
31 308 84 0.2826552053535658
93 322 26 0.5782556451619653
34 316 45 0.4096830838200094
92 221 39 0.2672927210130269
33 391 44 0.1938699240460704
116 124 106 0.5885741429607173
33 269 74 0.15422727567980832
2 117 83 0.12556063946262752
143 367 92 0.660067564490052
60 318 104 0.6138084872666675
47 100 53 0.6571723919441694
62 31 75 0.05738366221248903
98 76 99 0.9524129688922718
