138 194 70 0.861537205637517
163 74 29 0.8162924292346476
104 216 91 0.4605284800448439
93 285 75 0.29153093592713397
68 88 62 0.04018316220640894
51 104 74 0.7615105311807331
171 374 32 0.2666310230694606
92 334 58 0.6842224547444726
103 186 43 0.03508517415836532
22 162 63 0.289796411154007
145 25 80 0.4388967627067988
36 25 33 0.43374258121406684
176 225 25 0.13592854620463968
42 86 70 0.1609807001407405
169 61 107 0.8152780076940138
48 318 78 0.5098844466185061
162 257 60 0.6903686720990174
16 231 37 0.2168406291674443
27 7 100 0.2059880885262546
10 21 60 0.6393094815887568
64 33 50 0.4618860710806165
93 185 63 0.3278065505608082
198 146 22 0.460913606200125
105 103 103 0.39416998640939127
129 349 26 0.8628767025187916
195 196 48 0.3560823278411488
