133 88 76 0.35048823227508785
15 173 39 0.513538454858139
50 83 26 0.497739087971133
62 184 36 0.5510184422676635
175 361 77 0.5822970124688706
200 225 97 0.44037481483399055
189 181 86 0.7504705294546886
182 42 63 0.6768117545929164
28 294 51 0.6029406920486454
39 117 30 0.9076284221621477
191 259 55 0.8659954907047351
163 56 66 0.5513662978232265
131 117 48 0.5636101333234592
171 353 63 0.21497466128884712
9 377 45 0.9119333188046947
180 149 72 0.5405555496687426
165 300 52 0.46087077379471053
154 372 86 0.9296277002947065
182 158 70 0.4321266859053069
36 165 55 0.7173402270813777
158 149 106 0.7087913746481711
11 151 57 0.8646947618689682
137 293 53 0.6721287917358905
28 87 98 0.49556390326947486
54 330 85 0.9281166445735504
29 154 25 0.09701463728703263
128 90 42 0.7459710459212375
9 397 44 0.6081237690382386
153 61 33 0.8758743356864638
74 144 59 0.8946617609159955
7 359 35 0.6942276773368102
91 105 36 0.4349566609986101
164 114 93 0.47314966656917945
