4 251 45 0.4373192800327954
37 379 33 0.18990032680152902
18 209 38 0.02528832865102648
44 142 21 0.09875978381436101
1 175 98 0.9247570230402133
181 27 36 0.05554794257239526
45 312 76 0.34500409907894736
113 337 67 0.628262288788636
200 218 80 0.4332007067826963
93 219 30 0.800793223112953
60 372 40 0.22752352463330516
174 171 107 0.9522251880456057
63 136 109 0.9513384711867982
166 311 34 0.0014497327736120447
126 105 82 0.40564078143597926
168 188 81 0.6145677573162048
110 34 55 0.3888993789710278
164 321 29 0.6727521787975319
40 282 26 0.738409360522764
188 236 71 0.23040747086120228
60 100 47 0.34004781392296324
97 137 65 0.19730392661829632
115 302 79 0.8291472624943383
63 379 72 0.39691730639273304
187 378 87 0.4661139114608367
94 140 26 0.47455610458470643
58 255 65 0.12857751945268503
161 100 31 0.3874775214340489
53 9 39 0.5952136742966758
14 195 40 0.07023067882872824
98 191 101 0.48808892604267673
