9 328 88 0.09610977605837667
69 309 57 0.9802801926818425
106 389 93 0.2990990419467323
25 255 56 0.23723908077555622
175 122 40 0.02140859434889164
25 170 34 0.654081537971408
24 370 46 0.726476555744479
129 187 31 0.05780127663371215
122 193 89 0.7214495725229118
92 256 46 0.7267438726005748
109 216 108 0.9754928458154725
68 301 28 0.4018877584032948
150 349 35 0.4411611988133052
79 193 96 0.5460096528581398
156 281 89 0.25777044132520477
61 171 80 0.6239557478659405
0 364 68 0.029855334062291128
68 383 29 0.35858415380072495
193 170 75 0.552360515273564
111 216 64 0.1518004246201229
32 267 21 0.017511765979694727
153 305 35 0.5272760017855643
168 247 97 0.950224567975041
21 160 61 0.1736455635072891
