86 375 58 0.42892687763997717
49 150 102 0.9504812442006618
131 373 73 0.43873367292716614
121 304 67 0.9344143318387704
68 378 36 0.4515349813090297
131 329 54 0.6551718215556863
180 260 22 0.4079067088629663
117 269 76 0.5673049128767015
112 231 69 0.1062199192837392
30 107 85 0.08536666682936234
189 153 76 0.9365647419117115
122 4 73 0.8258286171273028
0 106 54 0.4255432685491243
156 209 42 0.5416292910458294
153 267 35 0.5551689970431073
102 1 78 0.7142321885891547
140 143 22 0.46371085577821336
44 36 61 0.06659554185835714
158 42 43 0.5668429177943968
146 199 50 0.30666621312867703
121 326 26 0.28599745726775705
108 232 71 0.1892665988037745
120 378 76 0.5780463303351393
17 259 55 0.26036015850649463
56 373 71 0.8501501075599832
20 315 53 0.10532909936989654
120 207 33 0.7054591715388483
167 158 21 0.9811725316806219
177 175 55 0.06530517572431904
85 105 70 0.8185838198496022
153 14 109 0.7626885046350905
97 107 68 0.9440321592350039
120 116 22 0.39838654495925685
175 172 51 0.6007403646270983
127 385 31 0.0744264286030174
160 19 46 0.7783519674517176
110 270 26 0.34163350931480674
150 1 69 0.02646346208662198
