10 127 74 0.5712801895301798
75 398 55 0.9025661521511792
72 400 31 0.7526588157108511
28 65 75 0.3441082138226418
92 71 99 0.21293803412927526
16 259 99 0.10225452564706594
20 243 61 0.22255585526431676
99 195 26 0.11751510635545792
199 338 29 0.8604518453756799
157 118 68 0.4742439395933631
165 328 107 0.5573447838273212
164 258 79 0.8766348285199097
61 253 102 0.8129901763293875
171 114 25 0.005734283761330561
149 292 44 0.08014466891994654
134 135 63 0.5331585105781526
41 106 28 0.335977258168794
25 271 108 0.22404525615270243
99 106 62 0.13910666959793616
16 148 69 0.16081790265401974
52 313 26 0.4778305965904103
119 147 64 0.4256738030371151
119 54 48 0.4655028705459274
77 77 88 0.0049705475947782185
47 272 103 0.3721454697819956
114 400 83 0.09098627701483986
190 171 69 0.06511714522393108
185 206 101 0.6615980114445816
51 72 83 0.9002578834180162
90 28 87 0.11303118605466478
123 36 23 0.7195603913092699
186 8 31 0.6340491835410008
88 281 52 0.8842524554089095
55 217 59 0.26655991465136286
68 166 81 0.2724348628579736
42 72 76 0.18900193087993833
