92 106 45 0.4876401096802261
101 28 84 0.08181112464604479
161 233 102 0.8450609400861825
138 334 93 0.48581875621804127
64 120 71 0.5191463406664157
149 4 65 0.6452175245108348
190 329 67 0.10928808605712259
70 207 63 0.3045417789986783
103 79 27 0.2316215037618482
121 105 27 0.6631867133214928
42 232 48 0.08837700492710754
151 7 53 0.05337127527098062
121 165 107 0.2751003925773343
198 157 25 0.5616633579938951
133 16 93 0.006264269539422829
182 66 96 0.20898199343544988
61 364 55 0.6862649422403785
179 16 84 0.7957648013066603
121 114 26 0.056320427224844316
12 285 106 0.8232498018386082
33 44 49 0.4120536171654161
98 349 30 0.10502207367845207
5 126 42 0.8928815169480817
1 165 61 0.13815515579223558
157 358 101 0.5344805706719387
30 34 67 0.06911918120935434
35 316 107 0.30139717626077656
177 28 67 0.5987339548234243
153 97 37 0.18145133075245934
196 173 45 0.787268758695932
78 103 44 0.9510231069604035
187 69 35 0.4345092982582218
100 282 63 0.6656105566880771
