105 209 95 0.24965472394783395
130 329 36 0.07628922536966354
170 332 85 0.8806963420386434
74 339 33 0.4421884294626799
164 40 72 0.7190047456697
39 199 63 0.15633349250168216
182 316 107 0.6999045772778779
196 11 82 0.6773686534393785
126 33 68 0.8056865075702049
31 58 46 0.15333503735091614
83 374 48 0.048291062720015376
133 136 37 0.5879787128043655
69 244 28 0.7616362501755543
133 300 77 0.11449842919222164
71 366 63 0.22257436820652188
98 300 100 0.08834726947440419
18 389 70 0.6182852970615971
49 297 108 0.48766733254924943
37 399 25 0.5423908087249826
94 30 79 0.9189434037094826
24 332 22 0.7472605245024758
71 58 106 0.476810970760128
169 325 31 0.7669148720872966
