145 47 31 0.04090510826902882
23 39 52 0.40029172327071927
67 268 93 0.742810429532536
174 190 82 0.06312954766300483
17 266 31 0.7917982079901339
92 265 41 0.6721997030359116
112 47 37 0.1455230479016134
3 239 86 0.26337369527233034
43 335 33 0.6716202982083657
78 61 77 0.35115094737564734
92 353 37 0.9470249195334209
148 328 35 0.03943938668147351
164 214 28 0.21822700971480158
165 124 67 0.5978223808720423
182 55 31 0.2478503444853909
50 201 32 0.4270382298054637
188 73 37 0.7670210438742402
20 277 46 0.7505212996404654
164 356 93 0.34613384405066516
111 204 78 0.1716375359275748
139 50 36 0.0380988752481376
28 155 102 0.26953074070276073
200 334 36 0.9204919378197407
159 62 29 0.3073648998371785
154 258 66 0.47928678003919756
46 183 56 0.09510053514683636
163 299 58 0.7597141750659173
75 144 67 0.9710278499804562
