59 153 42 0.5279877005281887
11 130 51 0.7768856808129349
183 357 49 0.7194586989895652
89 373 33 0.2628426269932821
140 276 37 0.4167208244763848
120 200 46 0.06708426740583107
17 278 103 0.06820921730045171
16 306 65 0.6504898025634603
34 28 69 0.7491277227195046
95 61 41 0.4509293928657585
30 333 69 0.19391071365195778
138 358 39 0.5345171289334919
88 200 106 0.4943940255175454
180 281 99 0.9269403069135205
72 83 108 0.3851634534665602
121 370 25 0.9499516056550745
103 115 82 0.46253324939264917
74 383 48 0.9005261168811182
27 68 41 0.9338616496170782
193 50 89 0.014543763297760526
4 253 56 0.3909102097955387
