10 107 85 0.2116567924482966
69 53 55 0.5041486656273271
199 315 53 0.2785522436325887
8 82 39 0.18471274897484335
86 283 51 0.8210334372104237
169 199 58 0.6996293079584827
147 117 87 0.6521044970308398
123 174 68 0.4450835452334436
195 315 31 0.9187914013614756
131 90 42 0.41229632034161234
185 106 79 0.9984155723293511
117 353 69 0.4722187444737891
129 321 65 0.15532266895383418
22 340 27 0.2533226404295599
45 145 82 0.32429867399780343
182 399 98 0.3811262310521696
34 298 108 0.20300232169694188
171 375 49 0.23643388982878544
143 12 34 0.5452042906943996
118 109 89 0.7722335283472205
139 283 66 0.5365185548383727
29 62 60 0.4302395101785401
93 149 25 0.3743177965754664
23 235 87 0.4659883263790552
63 394 71 0.19649227914313017
