129 114 67 0.8851191732937042
129 127 62 0.11115238394703719
198 257 78 0.8869914570231795
165 329 108 0.29976889823324826
81 72 51 0.38804773895726175
124 98 86 0.45157243799640645
67 251 87 0.9419362206690698
72 57 92 0.816291478292034
51 99 108 0.9720751691842341
144 40 94 0.1525643296943635
185 336 39 0.19147106191846452
93 248 56 0.18225218720728797
101 112 98 0.8210592673102011
185 38 54 0.7356349140792405
22 34 107 0.5209083205440335
32 285 64 0.7963896213762992
109 325 45 0.9331298554239904
148 50 94 0.21366529687632452
11 8 41 0.06244940202697946
26 198 72 0.8920006137706744
50 49 40 0.47501316829876794
164 136 82 0.3245205113683902
30 111 54 0.35089197737880995
109 205 36 0.9694227583938354
196 388 53 0.6363084396576365
26 58 53 0.04837492402715493
75 248 34 0.4835214937912944
111 264 84 0.2066636083525477
170 286 107 0.6958554298751857
195 259 23 0.9800742121527342
5 120 28 0.7439658107678156
