75 278 59 0.5051333534799305
199 141 43 0.049279373915050884
35 70 36 0.8582606187621517
190 29 33 0.6614483078676634
40 99 30 0.7047825626140195
137 382 109 0.4285902691157001
125 293 91 0.6094659579591506
127 151 45 0.8844353967645833
65 69 105 0.49066974273953445
155 1 33 0.8495535430612036
83 129 33 0.4572562366352787
138 138 102 0.2662263573171768
45 246 55 0.05515756003782746
82 288 65 0.38458573980898825
69 318 52 0.9923307141783663
172 264 76 0.6071082026252178
135 135 58 0.0748466272004622
138 320 27 0.16360458730321503
194 364 83 0.14362591920450973
108 323 78 0.8666585630839885
93 292 102 0.865557314432619
122 43 84 0.8710360055867472
134 328 24 0.6029836927569008
1 133 87 0.06453789328846937
60 252 77 0.4103608219459921
55 319 52 0.5665576412079021
43 70 35 0.3877785495496885
144 237 62 0.9590663383519109
104 303 100 0.6219714530642154
107 381 31 0.4618185609661303
