187 43 107 0.048091498649602826
167 97 92 0.9733637919695983
13 326 76 0.02115215947541449
162 389 92 0.10688558530359737
65 199 96 0.5622831828140179
179 218 96 0.5096127753174271
56 352 25 0.7625760645817832
173 262 92 0.036712801292443475
101 273 66 0.07895146542866294
59 289 49 0.6620452577453103
153 98 106 0.5726243916749265
120 211 86 0.8492632200508166
16 336 102 0.23745096799890109
198 86 108 0.32586747806045724
180 53 28 0.911143576714652
69 200 56 0.20686325554552776
104 393 65 0.06696431789863055
158 130 34 0.47945732188944745
147 229 40 0.9892118111791822
62 363 36 0.43323857608422556
135 48 79 0.3659847632635661
184 44 97 0.9255417162888532
173 74 106 0.5769294821670599
78 246 25 0.919775369999431
59 225 98 0.8471979685597951
45 322 24 0.35085908995818404
125 200 67 0.4795126487354935
195 132 56 0.10176070805393611
70 209 57 0.38667497437597254
14 147 57 0.7522979999887929
4 109 32 0.7642578418248974
43 133 75 0.26829477224133946
98 364 58 0.474679425463864
