142 61 60 0.0006211947636705073
49 286 35 0.47267069146309026
40 85 77 0.7974099274991985
43 166 34 0.3467654189697734
80 267 107 0.8054939175969937
2 147 85 0.43755802825380086
86 399 33 0.9090739564689787
29 291 105 0.7459310152166959
193 241 82 0.7307647475039426
164 103 78 0.2639325593648538
48 238 39 0.381363361916514
126 137 84 0.35146280492445925
157 248 27 0.4793983066419977
60 292 38 0.22107971970961826
159 241 101 0.5327082729582356
5 69 81 0.055651088781698
72 71 43 0.5193460376707452
7 231 80 0.6086826711752782
80 78 51 0.45824160267593017
188 174 33 0.634817535040201
