159 129 28 0.591064642448523
13 19 95 0.09144322454145137
80 334 73 0.08041573200005692
182 362 55 0.5382617802179754
103 93 46 0.1773931777806469
165 279 23 0.23775005548673256
184 86 98 0.6033010016456849
101 359 69 0.5795330199801685
15 258 73 0.6382153612993334
115 268 44 0.12481034052409812
166 86 28 0.5522295311861762
88 178 108 0.5157071184790403
146 82 46 0.4774093128192235
160 302 51 0.3776968803023253
74 297 81 0.8993564599926682
82 109 60 0.23948690168699482
188 154 39 0.03455052411020332
156 229 104 0.9807926292884495
170 211 67 0.7226465923650962
110 251 35 0.21377202874285417
167 10 59 0.3646535742519571
79 277 41 0.6236079628358044
101 67 65 0.776470183455813
185 232 109 0.024601704203752073
148 27 59 0.20197893810446965
18 358 101 0.05688669355952236
127 4 27 0.42118446120895014
38 244 62 0.09461886866823244
112 283 43 0.3899423721645273
189 335 101 0.5447982927586978
