32 290 103 0.5200299800878572
31 264 32 0.3305539271526642
165 365 47 0.9121128050461236
163 279 38 0.99422154432639
136 228 107 0.4087226873331582
117 32 62 0.4842469126109432
82 188 109 0.08638622719529321
175 285 54 0.4721370917065931
170 79 55 0.9608095776111698
134 296 30 0.8807471278529859
153 241 41 0.1747877853045381
120 337 23 0.8188492779843713
78 293 36 0.5703380722839336
122 20 94 0.8568969793272798
86 306 45 0.5956914675925513
84 168 46 0.005862030759642867
147 161 48 0.03837681213252242
114 176 52 0.7132930893700818
63 120 80 0.18746629107642887
74 157 80 0.08647272970745223
18 112 27 0.9271064520599759
172 173 69 0.8325871325581212
43 182 68 0.45853884696797
