58 346 102 0.5007484238466149
146 356 63 0.4501298393799309
155 255 21 0.494235733934428
7 165 90 0.7468297393503216
25 158 100 0.32537543055509954
95 162 54 0.37904875462638155
4 129 97 0.6702331556373089
122 221 85 0.5424476049107858
182 33 61 0.4563242652506312
48 28 46 0.25305256319219294
127 192 76 0.5581159915848191
165 127 95 0.3350698066374499
54 357 54 0.4309724728987526
88 95 62 0.6629378947577742
31 181 30 0.6536106182364082
50 362 75 0.672279587748993
17 372 106 0.03199605305293829
31 303 99 0.9756055937224374
123 87 94 0.6769327783907096
22 138 98 0.3074873676067985
135 191 35 0.8876701887942872
102 321 53 0.75339112760927
90 191 94 0.6512448295164639
174 11 44 0.0955891500116528
81 331 51 0.5607181025149807
181 341 42 0.11234700178390389
188 36 45 0.07660908237021935
143 277 87 0.8012368279286888
150 261 83 0.46772219258570813
44 340 101 0.42016676572516887
3 82 73 0.0042810788302741765
187 193 70 0.5942468502681071
33 13 59 0.5427836074522061
