3 255 106 0.10300117361129002
70 203 75 0.47224204224700594
76 294 97 0.5637472264469247
114 136 46 0.714294784312403
37 301 73 0.4171240620976937
76 27 49 0.8567919935157063
51 159 106 0.2634426603871244
89 241 62 0.9845395856371258
37 302 88 0.7733332234997408
148 146 42 0.5450301518476599
16 217 26 0.9329848714473706
27 328 65 0.47866083102797874
101 242 43 0.8499231355672303
43 257 59 0.387839704092229
158 146 98 0.02313395575154753
60 141 50 0.15795845995678248
21 301 74 0.6166320043575102
180 207 86 0.1963062915223045
62 306 47 0.1677703589040519
129 165 89 0.5806418984096998
33 347 72 0.24591025087640783
88 135 24 0.9271925913873028
4 118 56 0.510032032519397
92 97 86 0.8385233315547812
197 51 102 0.49401952477705136
194 111 37 0.9204639001400217
55 333 45 0.8572623275121115
12 340 34 0.6764668580950356
142 192 42 0.16536854924823696
