85 79 69 0.6907086911173806
53 369 21 0.6831256766216991
123 145 53 0.6837004502235257
13 140 43 0.7714827869161764
153 233 52 0.7891447237127287
195 214 25 0.9376140995313443
135 213 65 0.6076238650693965
8 42 69 0.23121588825629225
53 327 81 0.1634380890314301
5 144 74 0.7683847110701905
33 53 105 0.17205906337422994
125 304 95 0.405432914796361
46 109 77 0.8348313492393503
25 72 50 0.05378059977819594
91 225 94 0.3170209277769298
30 19 40 0.4706289095958668
149 200 46 0.1380668067941596
77 304 63 0.9185321311801604
57 17 57 0.2636449134890232
18 45 22 0.2321506241359076
141 90 95 0.9812976839064272
79 132 109 0.07940657312342025
13 100 96 0.5632518319667261
22 235 40 0.5169238628040571
97 190 96 0.4643815731045986
108 71 81 0.8510681241650836
6 117 108 0.6238559619053355
53 387 24 0.38406070308969686
154 264 63 0.3856549167214184
155 264 96 0.30271520174177335
110 296 25 0.10245299363686478
177 75 67 0.9502912270694658
29 248 73 0.24126208093571022
88 71 79 0.09531587390822194
57 108 33 0.1015857034884654
38 152 98 0.7248781742995684
38 173 65 0.2754440871767646
96 366 98 0.5327407886396236
88 279 108 0.13085001997248769
23 22 42 0.6082867954885162
182 272 22 0.4608798220992052
60 109 69 0.3499377448634722
90 118 44 0.08167006237487662
