200 168 25 0.9444436730541612
92 300 71 0.9158910197277537
21 129 109 0.6883216095418802
127 188 43 0.9271627310252009
21 396 24 0.28400129181965705
160 60 62 0.2623730607406095
68 285 44 0.7169232376400003
130 215 46 0.15200063282226994
61 60 90 0.9864490544259019
32 329 102 0.3648627478240798
180 363 81 0.3369550101292089
7 186 88 0.3905035074996527
68 153 101 0.8985517402438721
107 229 56 0.9929518591617684
177 303 101 0.3295982004529818
157 31 104 0.15699913724483905
144 116 36 0.5890438219217451
167 292 35 0.1494218660783494
12 311 108 0.1092929637037483
18 233 95 0.5406471330877519
89 328 34 0.7467717963334588
187 332 101 0.47011520641878257
27 195 97 0.5025779156518801
185 353 80 0.37686656048222333
138 296 78 0.03900438817692886
95 11 45 0.8109270314369252
161 162 58 0.5127637462061958
178 142 100 0.9215606449717854
197 208 72 0.1541043068932828
120 46 54 0.6510628142509088
107 89 79 0.34827650828129797
57 2 34 0.8458574636172683
