0 245 30 0.5234152843252159
166 169 103 0.995673864475029
53 179 84 0.9588642847251092
190 161 94 0.6979894012651303
91 188 36 0.982999976809068
61 232 79 0.6855576322930302
82 400 86 0.4936345526681426
167 6 48 0.7555551817193146
150 133 85 0.49065856709581923
188 86 100 0.3693458828797054
12 50 55 0.9896880415924589
162 112 91 0.5133420758233126
35 92 86 0.9147282170122244
23 395 85 0.10913582233131003
139 3 41 0.3717179713301604
72 256 104 0.19080980143544146
42 202 99 0.42066897453925467
189 236 31 0.7819251115680935
96 170 62 0.001373845531233986
123 119 106 0.047029661620928254
149 322 32 0.738203672044367
27 369 104 0.01773436363148939
104 259 42 0.19271000988381637
49 322 57 0.3491664840661568
