49 356 102 0.006192186673935951
105 328 41 0.6503625646069052
16 108 43 0.9416499147165827
129 24 97 0.5131462871454018
41 311 30 0.11271002021209275
67 139 83 0.2527644539364179
57 12 76 0.5373449196881758
77 189 23 0.011214288108361004
175 30 30 0.9452103642045759
175 367 26 0.8842014314015956
161 174 108 0.14559521512415785
77 257 109 0.8548038758104203
162 246 86 0.830878647719985
178 281 28 0.17825289028620672
114 315 55 0.4598375718134662
121 345 32 0.3289512281472349
98 67 63 0.6185525698846117
58 275 68 0.19087580846768482
146 178 73 0.4579985691821149
77 258 100 0.49751201702629666
70 124 69 0.056109100506017806
23 206 24 0.8708688997792118
67 190 37 0.5523253713683615
27 106 64 0.6445490233512174
141 172 104 0.9319551977481151
42 124 78 0.9632134145870751
10 35 31 0.7218120091313723
92 5 77 0.16295009072763667
199 285 62 0.03147833358253005
