146 297 23 0.02056778243422075
82 285 41 0.14349481929537955
107 215 29 0.20172639531931302
28 217 98 0.2302083428638596
75 244 24 0.28849793823547853
73 389 65 0.923578966286633
131 153 30 0.23470888518036193
199 151 91 0.9808566530754624
34 155 88 0.37758345163563833
71 293 58 0.9402597828170534
97 374 52 0.5646645316927161
80 171 34 0.21907793251030327
17 173 101 0.15091864074674444
104 248 38 0.7581283209700472
8 105 88 0.966465399747463
165 261 98 0.6172063029819745
194 258 40 0.31590982737915496
110 44 97 0.6161347135115006
199 31 49 0.3140901706513177
68 258 31 0.14475991913753472
159 128 81 0.323610492117101
81 226 30 0.8460416723168412
123 315 91 0.5036087216808371
138 225 27 0.08575739750346367
180 399 25 0.17728093879306328
96 346 93 0.03951823299111823
177 214 55 0.7080438092883317
12 157 91 0.2265737527214846
107 367 72 0.22801532043723138
6 260 72 0.8567137119327948
68 141 104 0.5355344571539234
167 344 49 0.1813486299180629
65 118 40 0.8616927273136964
93 171 22 0.9712171402359148
158 146 45 0.09480209219381996
91 88 97 0.18694047604938124
24 237 84 0.3339977090556907
162 146 102 0.8394821808721219
