86 103 31 0.9116899503663911
20 8 76 0.9810213958820951
98 81 91 0.6837532664349575
75 250 44 0.2700211174487034
189 199 28 0.7830263689422611
115 37 60 0.5342170321961676
145 266 24 0.7310255464364928
108 97 48 0.8769333732804372
178 325 83 0.9915845484909567
68 227 77 0.8142701254886482
54 162 106 0.7319318040822766
199 226 87 0.5334593797733277
153 72 69 0.46721928021589
123 276 57 0.6587993819231953
52 213 63 0.8164395055871423
163 32 79 0.13055393563474005
126 30 85 0.9654103172192573
73 146 76 0.8077474854859751
200 110 106 0.8871804862430412
102 275 54 0.3588945098567543
64 110 42 0.32836519296209676
121 195 76 0.18392110005914608
109 392 61 0.9655276334477797
77 70 21 0.8238629500976682
137 122 85 0.8191027029425072
41 299 43 0.3822845759812602
73 151 86 0.5418002670623571
