133 217 80 0.5223120087141763
164 191 40 0.4854802699397932
58 112 46 0.049012938684430574
190 75 103 0.93473183645176
71 81 94 0.36404733253318355
23 110 106 0.4190715114653236
150 311 98 0.2838859571919742
183 11 48 0.019322646470019023
163 382 48 0.07232507907023733
142 311 83 0.12279159112955085
197 257 38 0.30408711292713564
198 109 94 0.8345699202696886
79 274 57 0.6655276749109416
87 15 49 0.2069804728203677
146 44 98 0.5186962129461627
81 399 51 0.18414500051437288
93 150 66 0.3671588031792543
68 388 89 0.31977686643930947
54 156 69 0.15667988275980882
10 41 99 0.6581471083668391
58 389 100 0.24972343368286154
17 118 67 0.05966757101438358
33 362 62 0.9990357473893021
158 17 65 0.8657903889981268
88 198 39 0.9783672373670059
