172 347 69 0.07869055628219512
44 152 97 0.06594493583694028
109 25 62 0.3538870092813965
100 368 102 0.17955746741235212
33 181 32 0.29716627976222365
86 397 108 0.5970771474763528
69 49 75 0.9323574492616509
49 400 38 0.7226877571218201
152 353 49 0.25421730747559623
52 160 48 0.9782270667531412
169 70 94 0.8457947064738316
23 89 33 0.7194882011448025
139 360 35 0.47378732768921583
45 51 86 0.4562612175803875
200 171 86 0.3263132393574416
105 285 87 0.4298010220773164
82 149 96 0.737604474702906
2 14 46 0.44249805135824904
142 383 30 0.2160046544199009
154 212 75 0.6131960921301669
58 326 34 0.7887702475806885
179 234 51 0.7801249911374871
123 190 74 0.8068001448391386
8 309 63 0.4169518387721507
77 14 103 0.04561400691904016
70 361 37 0.7208980241898394
151 64 48 0.28895176589685845
41 215 98 0.5316476512268706
152 72 50 0.1606578721497477
125 225 44 0.41612140225333527
164 65 93 0.5910753000592516
139 236 58 0.7793256474457836
129 92 96 0.4757260978474819
72 376 86 0.3438116630122493
165 153 79 0.7556242671250473
26 139 97 0.6072735079196491
