102 177 22 0.8227771587583023
146 136 95 0.9504419761477907
63 368 103 0.28646937207600154
47 237 35 0.8752873809326395
28 53 59 0.20500454738707574
185 396 26 0.6242866885162579
9 242 93 0.3192212511540585
193 393 31 0.877088176016804
69 27 26 0.3858054776198271
193 246 91 0.8714711120804197
115 27 59 0.3957484654348433
138 4 23 0.2884994251884091
158 346 90 0.64184467592788
141 49 108 0.9127615570694776
123 355 33 0.8876521116970499
42 217 42 0.8036452766034429
163 210 34 0.10389817574741222
112 77 99 0.28474549000904703
94 320 68 0.14814670375752015
76 53 70 0.16994019659261372
17 275 69 0.8490138569738405
52 259 81 0.7967876825286676
