133 49 74 0.2875628370439177
17 229 85 0.06361940402095123
132 14 81 0.6647468015269841
177 221 102 0.3634596581235937
55 391 36 0.26529061261309794
155 244 34 0.10075793622721763
4 234 76 0.25329730993348387
40 207 44 0.19925280010687085
58 196 100 0.6349532154683205
123 183 34 0.5639952019730112
88 130 83 0.24852781709903116
184 158 108 0.563835063265452
122 182 109 0.6546451484993941
64 113 44 0.151684677846203
42 127 106 0.16490267583775353
19 332 55 0.14366427815458727
64 254 44 0.049541799257747376
76 160 27 0.2460307771674114
99 73 41 0.6329472271921007
26 356 60 0.06425469715286025
122 227 68 0.8357315670031986
154 312 93 0.7119881215232154
