135 89 88 0.6758015325762808
21 363 97 0.9711929193645114
77 350 26 0.04397302936729752
19 339 85 0.3709820678544461
12 101 21 0.6445209418593834
47 178 51 0.3823989319157459
200 57 21 0.7998476729216603
2 95 84 0.767693315971839
52 304 71 0.5625920918627185
168 97 51 0.4826799774537055
162 357 67 0.07811860591288
84 61 52 0.5261814876705875
97 237 92 0.3209943621666904
3 313 46 0.5811296641357746
191 185 87 0.7184058985539893
106 293 31 0.0802822250424492
81 154 62 0.6637602736263593
119 387 102 0.8887244037094979
2 315 95 0.9694872701935502
28 369 74 0.365006716195746
92 123 25 0.3445220649813985
83 203 93 0.16449040481987987
179 312 75 0.12460537640871372
101 123 102 0.8562229298360158
151 255 52 0.2913813117705638
188 133 53 0.8708271645397184
6 360 88 0.4113379619535723
