83 144 97 0.5831586335458152
21 53 66 0.6156703765680863
59 365 97 0.12804238121874612
67 87 46 0.5257075780184961
167 201 86 0.4522479488488813
50 289 32 0.9921502830649783
174 178 72 0.033878707788562834
7 114 103 0.580235439382708
17 57 28 0.5678605081017213
16 352 66 0.24919194620588936
184 41 41 0.6881050752966597
31 135 67 0.4879533726465256
127 28 55 0.05261365943561236
79 262 67 0.7484993795644435
70 258 24 0.7506542955936583
39 273 94 0.6025520102461788
97 266 49 0.1574009917252227
124 206 90 0.4413481402889595
104 313 28 0.04323493660332667
106 153 86 0.15248670987016955
152 65 43 0.6890738925729597
119 213 101 0.7444847041785546
32 54 40 0.44067382415275824
144 295 66 0.07708388443305947
100 12 80 0.7229522436828734
152 58 69 0.3101470918429514
109 266 47 0.0673017649183082
72 240 52 0.5594759485558403
