14 331 23 0.8791832960567493
76 181 86 0.2349972617723366
38 3 44 0.8819286897814357
36 225 58 0.08753408393763695
85 52 36 0.1299700548248277
188 14 49 0.22126785666231885
175 41 80 0.1722530612703571
65 285 26 0.9071056795202161
163 274 104 0.12034882836037586
105 237 37 0.34541552924577434
34 228 66 0.08096523977331349
95 66 100 0.5179002874957477
179 305 98 0.6994030186733379
24 16 108 0.37219456986740673
81 376 81 0.3009106380034081
179 317 97 0.8222526346532161
72 209 52 0.9251449279047628
175 100 100 0.36282228778641545
143 184 65 0.23178887304545848
124 385 22 0.39043310841504053
198 104 51 0.17988930406093762
107 245 98 0.2767227850617925
171 23 61 0.24287032088914162
94 181 28 0.5986666018101983
142 335 82 0.9162608745401328
