151 176 90 0.7869455826564187
133 337 54 0.6528348929156236
20 376 37 0.3683847186388961
140 3 88 0.28111387569500745
72 88 35 0.38562653234666733
186 346 107 0.8061233637581275
56 280 29 0.9612284564307102
67 142 86 0.5903193430378005
154 172 83 0.9748856263473547
111 20 29 0.6860907798295968
46 126 38 0.9442960616416529
81 59 42 0.9184856386785819
64 23 60 0.5496434787945775
152 69 22 0.8906776239091604
9 222 47 0.6667471784475026
164 146 50 0.007425277830474197
46 353 44 0.43939565992164187
146 106 68 0.14941066378222845
90 355 64 0.14972991487071485
181 135 25 0.03978935695729835
122 139 64 0.8221570040267503
148 51 94 0.6271657393949791
125 176 50 0.42450792132557413
194 239 32 0.8933064722421425
94 74 72 0.012193975737183282
155 12 89 0.3791083707014897
103 275 84 0.8298063760896603
16 35 91 0.79127563925206
145 224 48 0.5894282869821253
42 388 86 0.8275899014716611
126 360 62 0.1685762173973393
