6 28 87 0.5829146033241719
139 352 57 0.9969496318190633
73 64 48 0.32369493812360095
71 391 33 0.6091316975580294
24 177 104 0.11786369774483652
25 74 91 0.3470616257602499
41 193 21 0.26679375059017896
173 93 56 0.8046978317340432
5 396 55 0.9630631134254422
183 84 91 0.8640959167619497
198 168 101 0.40078942432876363
149 267 42 0.2651508148254865
145 283 109 0.6669483794891948
57 366 90 0.0455725843220155
76 319 86 0.00854255617152877
29 370 41 0.8143398352808393
132 191 35 0.9753907195299467
55 45 101 0.12346196368392048
67 278 65 0.9673196570482637
53 233 29 0.6367485075004587
158 46 48 0.9138671214888249
19 189 58 0.8469366280136359
5 275 22 0.8938705128103398
187 383 69 0.767791567221504
196 350 61 0.8336251235680583
80 211 84 0.8862396712769861
111 274 94 0.2515749539484543
152 113 44 0.8603339650407407
124 199 43 0.6860888944814029
29 44 71 0.13551124920628177
66 33 90 0.472386981511312
189 156 73 0.9431219786113018
111 313 88 0.8308600187408983
23 177 71 0.7346099706187792
100 242 107 0.612839891163617
59 60 89 0.00534383765516655
117 79 70 0.2036054850121436
168 9 89 0.1050708106081435
