141 382 102 0.5999326176378643
56 308 83 0.7322142376147982
127 64 65 0.39562489814649593
152 335 48 0.7533388452800059
16 23 27 0.07002815118468286
66 185 22 0.2500168181420295
177 176 35 0.9795060716671499
61 145 85 0.8717296489862699
16 79 25 0.9288072893730722
185 392 56 0.9216180897383337
200 196 40 0.49367566895483095
65 32 92 0.7789984485417937
68 181 97 0.3263407041924442
26 24 88 0.39690455583715156
117 349 73 0.9686303355315983
51 228 108 0.8939675868688001
98 265 58 0.583704419111341
80 397 109 0.6549337442346567
33 276 24 0.9869338662022178
157 174 53 0.3133937174876875
100 118 88 0.8847193755520742
177 147 93 0.1864090078834253
103 257 83 0.5463355080704385
