158 6 27 0.3596744615350419
199 156 36 0.22516170657105627
170 102 54 0.9724015651775559
156 132 98 0.3290356039724175
49 186 30 0.006260629637184767
67 147 56 0.8175115117736282
162 305 82 0.21324801593646325
52 55 73 0.27534502629862456
82 56 69 0.7704196822519238
113 126 62 0.24631545313148606
52 221 72 0.2763002720461689
174 319 50 0.7949749122063244
155 215 97 0.539288681428911
106 343 26 0.7954227023211168
36 276 63 0.5056167501067039
163 246 97 0.6471380811399691
84 246 54 0.47044856475990415
90 239 48 0.20012119109319315
4 40 26 0.30941571608831975
117 127 22 0.028449832933101105
74 334 38 0.58308761970009
52 381 46 0.890720323434156
40 190 57 0.6623172837849665
12 85 108 0.7707160675252054
173 370 102 0.27285319276730824
126 358 86 0.6947988412576711
173 386 89 0.8369864498446893
182 377 59 0.7472344544932277
143 51 58 0.9875777000783506
66 394 26 0.2514966057709792
36 389 26 0.5966710880619271
