118 80 32 0.9248646105624759
180 212 105 0.08608100293302401
57 369 34 0.20832880798843623
2 60 56 0.6275987159496436
28 106 84 0.27122435057060124
74 340 103 0.048259160410444646
103 26 23 0.8085373609437925
37 170 97 0.5891476351966399
168 75 94 0.953270910914884
37 220 91 0.0973264815161875
122 337 100 0.9727604889213282
183 1 97 0.5639884334316553
111 27 60 0.08029541612073443
170 233 75 0.08591584433228172
121 128 98 0.34125952628844747
151 65 24 0.7804329704507228
71 199 32 0.5274093173515048
44 139 88 0.26529238365298646
121 2 65 0.05818772058505561
126 283 37 0.49984569560310577
171 11 66 0.7073437860787753
53 353 57 0.4011094756318605
194 89 84 0.8883588164534518
123 167 45 0.6068183490869841
75 87 55 0.10114171259343008
175 38 103 0.6877866236714761
104 219 75 0.8573189355222494
2 49 107 0.5413417535974197
91 239 79 0.2740205989535086
100 278 46 0.6466214400447934
120 119 34 0.3245699430889968
3 399 28 0.2739748456606952
50 147 54 0.2100356818721747
107 48 45 0.9548902490362583
188 190 105 0.7825765330534546
