171 136 71 0.9829193327200535
92 298 56 0.9364536522857133
96 392 45 0.9333766252136183
141 48 51 0.33148423177604713
17 290 76 0.3025150457711965
127 38 71 0.5493448577561958
7 393 25 0.48685146150693936
46 166 22 0.33842092800311907
109 360 30 0.09855475457467955
50 72 66 0.676624069262005
54 293 48 0.3468940333027267
131 230 86 0.3758088872668772
197 138 75 0.8427645607083288
11 399 43 0.4493699437784182
118 364 26 0.3022428960970136
75 343 51 0.6643996528053849
53 181 55 0.7354655745200844
51 382 106 0.27260157616043434
130 378 85 0.5171521705521356
128 229 21 0.5854267720330006
105 96 34 0.015955245831582143
44 66 55 0.716967272978195
88 50 65 0.7279911491334712
126 117 101 0.8959972292132812
51 230 32 0.9161828295981673
138 200 31 0.3696940081446287
16 3 92 0.005072444575875967
150 140 64 0.3279748643708478
180 169 89 0.6538891418196576
57 111 107 0.1580553678240728
177 391 82 0.10103693244259071
84 146 65 0.6685985898522191
24 58 97 0.5949462926109403
111 331 85 0.543650184904165
116 283 99 0.9933891615911241
