37 88 31 0.7258068964152983
89 70 105 0.8785789452279891
110 169 93 0.5252362121883104
123 385 76 0.4717093600679333
34 51 62 0.7064561318141389
126 337 37 0.8961607573649022
199 71 82 0.6283015970480504
141 142 105 0.7445581930856778
1 56 21 0.6530679441717216
177 202 80 0.21020902740195813
73 325 90 0.736893655807512
141 291 47 0.5074306570619739
96 241 21 0.4429128720443678
174 319 91 0.8791273320187102
154 106 69 0.28057996536612106
172 394 53 0.22587551944044926
136 276 27 0.3466046537389639
103 336 29 0.7670966016640551
59 119 97 0.19905531492507156
33 112 51 0.38658658102113175
18 116 56 2.8226332953962263e-05
4 135 73 0.7829522510719785
145 289 29 0.7165992023311559
9 116 73 0.7642895312133052
9 94 49 0.11002374272830595
147 399 70 0.26562411856835466
117 286 23 0.12273434837308261
165 21 81 0.1262590548781466
140 96 69 0.20559526847845944
28 251 28 0.07858098977773198
