182 117 103 0.20618660226370455
174 137 68 0.1602940586882563
142 337 102 0.8760101057323327
131 211 72 0.011362794112204866
30 297 45 0.7665278535987211
107 27 58 0.6873567812509213
8 217 94 0.4446247089650186
179 205 36 0.044067908571084224
29 73 59 0.8263198518144861
89 116 108 0.11759106248329965
142 232 43 0.3381968180669376
68 182 55 0.6093707373961522
162 334 107 0.013947381008947213
115 347 45 0.07405993169523961
97 342 26 0.42516661577755266
84 279 101 0.5368405214833599
141 94 57 0.7420428371776744
37 59 48 0.4122432534442857
85 372 43 0.5976168736515115
18 212 75 0.9781601707543767
33 279 48 0.5323228438735087
199 336 22 0.25335937475131964
9 400 92 0.5368167987040645
155 41 79 0.6808749412321607
188 28 30 0.960631002056214
107 196 33 0.34664111231902806
