97 36 41 0.7811265274735973
50 257 100 0.9113632029311326
46 102 31 0.2976546974360543
192 142 40 0.04848510107042325
157 292 99 0.8516079639180946
50 205 23 0.16793947280859622
68 114 28 0.08968560029093398
90 17 53 0.9209316348895059
142 261 105 0.09791883840938997
171 188 58 0.10309979224164167
11 306 37 0.702547228892966
48 214 79 0.9328225170663673
168 388 99 0.255111411995537
140 283 79 0.1187473348893423
146 230 92 0.9869441998163636
142 392 59 0.43364343863901944
75 290 49 0.035945833085336054
51 102 109 0.14936021842178238
99 298 30 0.5303538766153921
59 62 108 0.02559812350510504
101 384 64 0.43763302167065454
