97 307 96 0.8152538021514418
194 181 102 0.719364700687731
21 94 55 0.11378160706151008
199 306 43 0.27135289263044104
128 84 90 0.4145063726829944
12 46 93 0.1657985499807123
65 160 89 0.7651491537780937
198 262 33 0.3689291843814443
198 215 85 0.0887379096771519
117 342 43 0.04798616795935429
15 86 51 0.17257259302824512
102 90 47 0.3639071447098151
20 133 29 0.4685746804688117
87 165 61 0.6296027587419704
79 372 29 0.10845236130061597
156 362 46 0.3090833823161395
108 121 31 0.0775040418693268
34 183 35 0.8745901787450433
30 30 64 0.875448401660218
183 151 86 0.5205408917251385
85 339 74 0.8510081199442957
188 281 26 0.466754345373498
91 121 76 0.3910223300133505
133 56 105 0.2876254991362597
200 289 96 0.324982416435169
82 47 85 0.2766463685662809
126 277 105 0.5526470069716595
159 127 74 0.9290560355644517
127 30 87 0.4945707033146609
27 390 87 0.5266773120484317
29 192 105 0.8311510204102734
120 5 58 0.5495037329520692
46 332 105 0.3518558320274139
125 35 90 0.9313522847843999
70 119 50 0.9263217074536829
196 208 90 0.25284813263292594
62 155 106 0.11666433136892285
18 11 63 0.7597499346805326
