16 124 34 0.8955466028703479
58 331 44 0.9205229086024497
146 247 41 0.8653861623379099
78 13 48 0.5599746338321083
153 106 24 0.5706148674337858
15 213 31 0.30978865139985357
66 288 52 0.32621475633096786
173 31 28 0.8041526919074055
132 61 79 0.08361752308170911
168 9 46 0.5622810568787169
110 378 73 0.15420963794368103
196 359 44 0.28578987213343066
71 296 93 0.21744270708883517
48 217 22 0.5816055678321684
109 113 22 0.7756693812069688
25 204 86 0.8112550075730403
15 251 26 0.005493482066263544
72 40 50 0.8652127063462263
88 126 40 0.8755324814967141
159 318 46 0.21833245049647743
139 359 71 0.16711035000662244
88 386 65 0.45444900080206496
94 333 56 0.701442800816615
61 9 94 0.26455651357883114
20 220 40 0.5662713787101181
124 240 33 0.6612768560363498
92 76 107 0.26684439937625415
12 174 84 0.5600060270745624
54 264 44 0.04228893812954326
56 288 85 0.18399154349084723
39 351 98 0.48747517360449155
199 19 97 0.8052751329182678
110 35 97 0.10013065808110488
102 73 86 0.1128272520165019
93 347 31 0.04538530628313353
142 304 104 0.7822663143714741
173 161 25 0.5815750246721773
158 190 75 0.8667108396670022
109 361 98 0.7646157694325827
