122 270 106 0.7748623440662532
151 304 54 0.09980632171728565
154 323 49 0.7137479662154234
157 116 32 0.8439612948902168
11 109 68 0.37387135608638977
83 94 57 0.18981889445799294
198 318 48 0.5008211815658693
175 38 74 0.9574731007410323
59 79 56 0.5213895635214976
146 171 44 0.08146338328609148
193 193 97 0.15578425567061838
15 48 51 0.007097486729617186
96 240 40 0.6248118562247459
35 384 66 0.7370083047934353
100 38 97 0.3286990606934137
103 188 105 0.823208137323656
147 56 43 0.18367530724572334
103 285 91 0.28373257023385
184 236 91 0.005561339766902762
176 340 67 0.5202089483906026
3 144 53 0.08827507285810476
162 48 86 0.7723965679727839
85 208 96 0.8254488649496162
23 130 38 0.6589609657413051
26 52 105 0.6649901588266612
143 160 60 0.40590348979689483
97 255 36 0.6297637659086712
