199 84 36 0.2351101151793109
124 184 38 0.9882269386455063
122 395 77 0.5541726781756993
128 302 21 0.3785320945285279
84 159 75 0.4329086973960955
186 391 26 0.8082771361047579
102 339 53 0.6158535949879571
74 161 81 0.45287087629104394
128 254 85 0.8024556410968735
52 210 46 0.6803425833282768
61 332 64 0.646111493407752
4 396 80 0.7077008424865943
159 344 30 0.8575788542156005
108 346 23 0.3019152110957175
67 128 68 0.24685822374095223
115 330 51 0.6138907639923382
62 261 35 0.19412420929599905
188 152 75 0.30559678993849504
119 399 99 0.6528276678023426
85 332 85 0.8776722858528676
71 337 32 0.35956162385962664
79 259 37 0.8552412863603904
133 204 51 0.7778728224048701
65 143 25 0.4488584049179525
158 349 83 0.06962297885999946
2 44 26 0.6463683567692442
88 260 54 0.9179241801063952
13 147 96 0.3437045774663038
105 186 45 0.20115004295198147
37 51 103 0.8483202013811718
129 37 24 0.8721365134632618
196 190 42 0.043227035726235985
161 226 35 0.7878053661376416
180 397 108 0.7319818320389833
107 386 22 0.1732206627952685
86 234 62 0.9376589118322263
