48 231 90 0.9821681192343775
106 82 49 0.7817541642411622
6 131 105 0.1084735808486903
162 152 31 0.4753149827741425
87 304 29 0.2921954499871686
166 298 34 0.1594500301774724
180 390 73 0.8647130960802385
108 180 86 0.37709841412648093
0 136 42 0.8633196176941575
42 166 94 0.4142793427083483
165 100 61 0.5063988683307467
194 340 38 0.1361804939324529
131 284 82 0.41005725498216494
154 307 89 0.5719820877004412
174 63 92 0.7717434900896477
200 188 38 0.5530593419108042
40 276 101 0.5095284972157983
55 190 85 0.8228425805967606
156 339 62 0.26250492140916526
12 397 70 0.5534174674514214
164 162 96 0.7634976115434448
69 202 73 0.8250504814913029
84 262 21 0.12232350783848123
189 319 69 0.40020740634999175
22 338 49 0.3335391535822757
154 41 29 0.9730612154315823
108 68 61 0.21547192280218175
52 355 29 0.3599988321385327
200 178 29 0.32724168248149954
173 347 79 0.49904411110910485
113 236 68 0.7084498332935543
124 371 32 0.22017448854933075
116 153 46 0.6100651400980888
38 375 95 0.894054076754066
