45 10 35 0.06387094113993297
99 213 36 0.3668603210002226
148 286 25 0.9769572480048635
128 142 43 0.8037754883704908
32 209 93 0.5396453842751529
93 138 62 0.5586759580579844
119 167 59 0.012095792531277683
148 171 28 0.758759851307163
65 333 91 0.4009272780686839
198 134 25 0.8450122139594094
176 69 49 0.46810340680830975
175 119 30 0.31268551774170306
164 367 39 0.389356024441729
145 129 106 0.5597196203877284
51 71 51 0.5837713748906409
106 140 30 0.8842369827635492
146 114 94 0.8742530781146044
138 81 37 0.4514493282609937
28 249 80 0.32617957300570943
125 217 90 0.5555063346210231
147 321 28 0.7065826464654972
176 2 83 0.7358456848728387
89 222 25 0.6788301251093177
160 209 44 0.62661608937867
139 298 107 0.47957006768707644
43 160 58 0.3081939669934738
