73 38 67 0.39289420253909857
44 256 55 0.8563646413980011
44 302 57 0.9444721844151537
63 264 107 0.5958205778393377
23 343 30 0.630107505341268
47 83 49 0.5979745731155274
37 56 57 0.42439159314947617
126 301 24 0.2344683266438068
122 284 105 0.9440504875869072
29 67 23 0.37995444915546495
35 16 28 0.7307585082311918
187 92 22 0.7415970120069956
97 169 44 0.4466075063175724
24 195 74 0.8180638943234385
108 239 73 0.16394196343023537
63 393 48 0.4266653283969165
165 152 28 0.4483620096698715
78 182 52 0.6358720528053632
25 126 96 0.07788464451645372
59 7 107 0.38499482813547026
17 365 81 0.5347464595811182
157 262 104 0.06764849037841558
96 373 92 0.436945594915258
32 53 100 0.0460948520234965
178 279 68 0.8487663442899838
92 259 44 0.3081692564478713
134 333 90 0.8128968177129697
153 169 103 0.7670238947367096
168 349 66 0.4850851370020103
43 225 58 0.5871481482523756
109 167 48 0.040925693569444754
177 200 70 0.043254501413431234
86 181 93 0.8275035083648805
189 208 49 0.4952693275002622
36 360 83 0.17027827238970183
