151 170 87 0.6876534581189095
167 165 30 0.7562011330919856
27 382 98 0.9339998997296041
196 212 70 0.06477759282421336
153 5 66 0.27420439733156
151 332 24 0.9400530347752232
107 111 103 0.11706370949582012
119 365 85 0.5581592138508014
18 103 109 0.325507237258748
87 240 99 0.8304657701677187
166 173 70 0.9318353847732394
157 380 35 0.6997061510848972
79 233 54 0.05400042054618737
119 300 95 0.03395836430959187
24 110 23 0.14401704247550973
127 138 22 0.5063081765654889
18 136 80 0.5966311216758693
127 40 49 0.38989422850205
103 129 38 0.09114745160949611
125 233 32 0.4907426036680659
182 27 81 0.9906808871690409
29 395 80 0.9782028340799872
114 347 52 0.34989310032557086
174 207 94 0.25959602859152964
193 63 35 0.5832080020906971
110 392 23 0.20980680545192087
169 309 35 0.3174499306369518
68 252 61 0.8578788536924474
7 227 45 0.8711773801563535
168 220 38 0.1697694307791583
