193 330 52 0.7792031769299895
103 155 96 0.08364999261358841
151 396 93 0.2918882639210503
36 317 65 0.03498217086789768
185 293 98 0.4053556465424055
34 141 69 0.8317450843481821
192 140 44 0.09576918343247187
80 169 55 0.5248112838810993
192 329 53 0.04028752851151929
167 336 74 0.7916765579547478
75 297 84 0.160824451483783
190 289 97 0.47842284943364355
36 376 103 0.07079293154794819
29 363 36 0.5494274485613854
87 195 109 0.6078804572397795
44 140 52 0.45730600458549053
104 232 97 0.8259565841550564
38 193 39 0.10297234596742089
9 87 83 0.9187379520198595
76 237 28 0.21715347371427418
88 134 70 0.31921577670209933
121 356 80 0.05113850942103926
70 257 48 0.25333950397423477
85 36 91 0.8650218169589925
178 47 79 0.7546551246177888
122 86 48 0.26017068991322145
1 126 39 0.9119826884625625
76 227 55 0.2723363138805348
98 306 59 0.15291127366493684
5 314 78 0.746763513560438
119 325 30 0.9141435538304938
69 41 78 0.29960919135128206
38 226 48 0.4366701696930183
159 78 84 0.5085636716809538
109 354 85 0.49563026414868117
91 255 105 0.38187653359406926
104 172 59 0.2548360005645184
111 327 88 0.3543705474026422
1 58 78 0.7830196499297574
