38 398 55 0.8095951858917848
101 14 78 0.2705765173121937
195 367 65 0.391851009989597
58 23 86 0.9581717061049276
125 127 26 0.38822302209675486
100 112 46 0.010922482134141376
165 141 27 0.857164677048723
2 224 83 0.6074191364614439
94 63 92 0.9197506685685476
189 354 69 0.016165448568530527
36 23 60 0.1814393269512634
194 76 89 0.24378069886552123
177 134 51 0.45899896083590486
83 267 109 0.7991558251616615
9 176 30 0.05355319136037218
166 234 49 0.4132743491605062
135 45 76 0.36205241415670986
1 199 108 0.6986416458591624
166 143 88 0.7395328780293801
146 51 28 0.20989984525053274
29 317 78 0.0753048634243233
96 231 101 0.016374721446271834
28 343 84 0.34246136092556534
13 243 79 0.5247525427623787
114 259 59 0.5909558542429201
148 363 67 0.015636189573941195
122 255 65 0.70914165896352
74 212 76 0.09344772156041548
196 287 29 0.8199735853524757
152 129 100 0.3334652877700235
5 242 72 0.6955765576704745
194 303 28 0.5747569421229431
36 266 107 0.3828752279001353
