55 312 25 0.26136349759509503
39 1 56 0.33919282509391
53 395 64 0.141685638131252
198 186 48 0.7773983529182852
106 384 44 0.03634594095137089
7 134 55 0.525113845671441
18 117 76 0.4909770699568755
47 268 75 0.5671535348514921
28 276 44 0.7953771171645495
23 32 109 0.40659428247045926
46 306 72 0.7469080156196432
164 332 30 0.40503121186914137
170 47 25 0.7111691324595263
28 357 23 0.04658156897385113
15 362 61 0.20846029486154694
176 40 109 0.22921648242363957
156 116 32 0.22857652272878748
59 31 63 0.11348287751582387
17 137 48 0.4513151143888683
84 278 104 0.6745430747745776
127 183 72 0.9085965016892321
147 340 62 0.547668441688034
119 392 93 0.7669847322476843
154 384 73 0.6885925317564816
124 75 103 0.5623680956580532
160 60 64 0.2374332400761051
65 111 39 0.3624132203674999
64 326 43 0.6292459581345077
101 82 88 0.4190950504094392
136 5 57 0.7766837784255622
