87 165 82 0.025266068043031664
120 337 29 0.0669754524179107
162 129 60 0.9982490214470715
20 285 55 0.15010157735421015
152 271 42 0.2723306659039343
164 304 23 0.040444998974546786
156 146 99 0.6328281572217449
164 350 75 0.48003111188889624
148 15 80 0.542082404545911
113 385 74 0.6692061137098189
32 386 82 0.5375474677340231
102 186 95 0.558645888627471
23 118 63 0.38735888628460147
78 167 92 0.6140133317665107
195 396 55 0.547405656605779
130 316 22 0.569326150985749
149 252 34 0.021745459393040845
124 52 42 0.6877744990146581
137 204 70 0.8218418522626747
4 284 70 0.881681700998122
196 246 77 0.027062309730658818
146 256 92 0.6541345940397942
76 389 74 0.705098457879775
121 285 80 0.31580584617264773
60 16 80 0.340910581916141
192 6 97 0.9663861117792788
70 362 60 0.690545346312006
182 358 90 0.26393056865005193
