56 343 25 0.5785972757470706
89 105 93 0.6002380100495105
73 368 66 0.44838939329677663
108 327 22 0.8626775272111289
45 97 108 0.23361183505476268
27 69 57 0.9771996908519528
118 377 36 0.598458376289888
171 42 50 0.38822553228120626
82 85 71 0.004167276858280222
44 300 76 0.026752066979884637
99 29 81 0.8092238261263406
11 356 86 0.6988437278581353
156 344 26 0.4832773722689141
53 159 35 0.881339522364572
101 144 62 0.380775229463303
98 219 24 0.41796355352930925
5 123 79 0.8826980696766522
81 11 32 0.7917188851575903
113 122 61 0.3998356457431915
35 157 71 0.9150111894809573
92 396 93 0.6865436391425187
144 73 99 0.11141620407189812
107 43 97 0.33670435685399114
19 287 29 0.9188870555697691
169 202 83 0.4406938080276539
37 379 21 0.7813123887758985
118 314 100 0.10608436872923555
198 264 97 0.23190033338888527
27 159 25 0.6456104064668902
104 55 109 0.19334702098411394
198 124 65 0.4535161170796529
164 302 60 0.9032344551812072
10 236 51 0.188353860473763
131 166 82 0.3986652343195719
