154 274 26 0.4631113428411028
134 342 79 0.3413768021214767
150 27 33 0.8162958419233921
165 353 74 0.4645705089929376
16 351 42 0.7401395474049495
113 335 96 0.8594864547394447
155 176 31 0.09817969932169468
15 254 105 0.8876226041487466
136 113 55 0.2142701589249616
200 304 79 0.20659186132776097
101 370 28 0.25929251559905353
52 392 25 0.9841934523946554
188 142 22 0.007172127052447075
5 21 56 0.46799498527712646
80 387 77 0.4928509289379138
109 372 73 0.9244741722782502
53 195 27 0.5941560499460398
95 267 32 0.3152320791519375
116 294 52 0.4797926915270926
125 303 102 0.8080813908494735
8 291 58 0.15323676472983638
141 268 53 0.3207483505045666
110 160 34 0.9521886295986668
78 281 97 0.8209731400607445
38 137 54 0.8190253593094987
85 303 81 0.21800529337138863
45 76 58 0.7623818496699163
170 370 85 0.5308917808306514
106 122 103 0.6361120888916012
187 228 78 0.42908209706743206
129 5 42 0.07996428848438386
57 39 54 0.7318404891649247
49 269 66 0.489528811101562
168 255 83 0.09576827408624866
0 204 52 0.9412640896527665
12 350 87 0.8024187259542682
120 266 65 0.160547291204591
128 231 34 0.1888930178877698
155 182 66 0.970511705375704
16 375 69 0.9120891889814262
195 124 73 0.5128806972041058
142 195 50 0.9209140872151056
111 42 31 0.62228452014827
126 3 92 0.32955423424255303
74 332 90 0.09440523099257336
44 383 69 0.618450769288755
32 90 86 0.5732106677183407
158 89 82 0.3005501508644849
117 391 56 0.5147298029036531
