142 363 41 0.0940623915845551
89 289 31 0.2683119139057
190 65 35 0.059171276510089243
91 233 90 0.3379686804381482
77 79 43 0.32979375513264964
187 56 70 0.5180818138160269
191 241 89 0.5118837077838353
18 11 52 0.47781937343267533
192 104 56 0.5065117670702973
193 131 33 0.8168583520006072
179 131 57 0.9555305179850597
118 269 77 0.35852518320491755
29 231 103 0.7289615022057241
176 370 57 0.9085304894647052
34 111 26 0.5933722512897566
143 266 68 0.5372131252764537
111 172 98 0.531329088887487
55 221 55 0.18947490140899959
29 314 41 0.9904062624411375
54 88 67 0.8992944362866033
6 118 28 0.9152829317600418
20 84 22 0.8988543475577069
112 357 93 0.3643674075676969
106 114 59 0.017474057727069336
175 228 106 0.6018274148013779
164 95 24 0.6173062801701651
158 113 84 0.16387783057076966
16 162 109 0.724699326206634
