15 7 68 0.31112444145640794
3 210 68 0.2554403309139027
61 85 104 0.35652812466426187
77 346 82 0.7699396842784111
70 295 73 0.8231255023938904
199 34 73 0.7756749823038794
108 85 74 0.013731455413887761
185 162 43 0.6565725719987389
84 219 93 0.436134260781889
199 158 94 0.08308518566281686
101 199 108 0.35231744453694813
120 265 45 0.4634471513471622
131 145 38 0.2607715697656967
76 253 21 0.17820173726290445
106 357 86 0.34177696628448895
101 347 61 0.45917210458705804
11 248 68 0.16793874461841318
77 2 27 0.2188084926561471
149 181 83 0.7049257119930282
96 110 85 0.08124569720518804
164 343 79 0.707938811631937
61 187 98 0.6545135703584442
198 28 34 0.8213950276401857
129 129 26 0.31728455051556426
141 130 24 0.11531074558344234
112 15 76 0.649101293709974
167 210 102 0.28067838004031975
87 367 36 0.33701698529809854
84 259 88 0.8517931724394477
22 64 107 0.06040504284523074
89 219 108 0.40956442069641685
171 398 85 0.9694110382035063
