143 289 86 0.9003380393901275
23 239 71 0.3184278171205359
40 277 27 0.22580217053790408
96 137 82 0.5016294469064093
193 288 36 0.8911996403583853
171 309 46 0.6363657790612489
53 259 40 0.07701228933691728
195 69 105 0.4509844543562975
122 70 96 0.9419942611111017
167 102 62 0.8078503310229842
7 354 104 0.4922080341138896
9 341 101 0.5439098815000643
116 105 109 0.1697191728526738
13 298 94 0.310024399522308
167 365 35 0.7033920750551996
129 400 64 0.2803906172413251
76 12 106 0.521444569315398
24 278 101 0.2534973636325488
10 285 24 0.7772796807334984
33 309 57 0.4138208528179046
118 261 45 0.10006109251857642
171 96 108 0.13982761337474792
31 204 47 0.37812808163365574
31 261 90 0.593289623463815
156 318 34 0.41159251209097436
