155 135 55 0.04300257980518407
66 220 108 0.5539698798911481
161 293 27 0.948198538440919
158 1 86 0.42300446424499716
118 149 48 0.9988859494265261
188 213 70 0.8724845943411966
58 221 101 0.6539757317858078
85 306 60 0.01824557964904905
52 87 36 0.9705400355441719
103 218 59 0.23494356813535067
121 107 76 0.3941363116877712
34 156 57 0.2033409597586493
104 277 28 0.49737713616015367
171 167 95 0.1553063473131545
189 291 104 0.5995533983034618
150 394 42 0.4144359443220549
109 11 81 0.8248418058286481
67 225 72 0.564287049987726
132 335 99 0.5174476538881123
