13 289 92 0.2052412944423444
56 146 98 0.09011507453592171
4 198 43 0.7744630353414083
135 82 42 0.24997361031591248
128 169 92 0.7191851806499767
144 323 63 0.3559868265802095
74 290 42 0.3189555125140391
17 202 59 0.2683528833038914
124 128 84 0.6611059304027945
103 267 69 0.9990215660744789
128 267 55 0.8063069239862524
101 233 57 0.09282689569114766
83 160 44 0.93821479454077
46 47 88 0.5602919074132602
6 361 22 0.45253066628657646
21 253 41 0.7574879947956257
184 381 41 0.9190798103143564
73 308 103 0.5815715606739038
95 317 50 0.8768340682863078
30 24 26 0.9377018425867879
106 269 58 0.591081607883017
71 53 26 0.6694449584330625
188 7 23 0.9274584752062393
82 26 26 0.24292482311244146
86 317 78 0.10793683192761949
46 185 31 0.3086775153918516
16 49 35 0.794347948295464
54 102 82 0.4726543103602707
140 63 38 0.8425262556148662
155 156 32 0.6008424902754583
150 9 102 0.7783254326753478
60 57 63 0.28488648956434515
15 7 59 0.8479476382266954
31 232 82 0.3207175097922079
45 135 41 0.47240655959105804
82 161 58 0.9045824728618576
