179 260 46 0.8032135405146553
178 62 57 0.3959562375735054
156 23 91 0.1822096537847565
130 40 78 0.9604119594786724
96 243 26 0.40546924828088715
54 276 104 0.014761516687142762
106 175 63 0.29732690397533157
3 83 71 0.15132619774439493
192 235 75 0.7976279887355494
2 52 57 0.7491937022852676
107 312 36 0.8407244456620634
199 78 82 0.9449186486511267
167 208 27 0.3277683706890656
77 191 93 0.707789881049622
80 178 71 0.5176317218250577
49 111 102 0.12562694966914423
107 312 96 0.09732747003814901
58 288 82 0.3386600002098735
153 157 57 0.6242436312175152
125 125 96 0.8294678910037652
159 349 48 0.07312690883838469
32 346 77 0.4773842731667871
21 153 97 0.16413170884272332
179 309 24 0.2693403692823957
