4 240 96 0.9587890197908228
7 227 53 0.5278665577952806
10 314 105 0.20865527572666365
149 96 53 0.05460247563203935
16 258 101 0.918950375331893
34 6 82 0.2793624730755613
141 23 103 0.6730468301996007
152 289 105 0.559932685727164
78 208 65 0.02376099001175358
127 51 21 0.4106804636440591
192 311 29 0.756970012749007
18 348 105 0.742591992740412
36 191 65 0.2192989305450609
77 367 25 0.37318998474205345
76 192 79 0.5825220628282259
15 121 71 0.03241790444453252
158 351 53 0.27372351099013636
137 186 87 0.5763911180000538
176 370 29 0.09491434693705236
18 195 109 0.2658483270092439
87 193 37 0.3391666762226474
185 151 86 0.5412369774993729
53 154 55 0.45929413962395826
