17 60 35 0.33867443081037485
137 257 42 0.10741774477841248
9 46 63 0.14573856846495448
124 229 65 0.7192717086004609
101 62 53 0.875488121560979
54 242 22 0.15202731876295694
93 313 38 0.7459728837603845
6 102 98 0.26626984584438507
109 266 28 0.665350529888956
99 117 48 0.6066666974811953
190 263 107 0.7888517357600799
44 150 63 0.08565817651802043
17 251 89 0.16324142722905288
73 212 29 0.44268455762704284
53 74 41 0.6424017674018251
73 107 65 0.6170198147565148
144 201 24 0.9342231512990199
133 143 24 0.16088559511770884
194 70 71 0.49924910299208825
191 239 54 0.7129648199486325
170 64 71 0.621896907729478
147 321 83 0.3617646529779882
166 156 40 0.09933675757921878
71 65 59 0.19363541911826598
88 295 99 0.8003171095982609
134 42 88 0.23960747886135603
129 292 70 0.9078505515086226
70 154 72 0.27286950234656815
97 345 35 0.5355042944503778
