164 219 34 0.7417033057546976
21 244 74 0.3790773559128531
0 32 109 0.17065252478695436
103 387 61 0.3571591092400572
90 109 31 0.85698594275497
105 264 76 0.4137709947435534
32 212 107 0.9091334287198647
130 44 49 0.8653543514135591
124 334 48 0.583909150666337
26 132 54 0.4527507340850482
36 205 75 0.40077555002966314
97 50 36 0.6193776800382776
36 146 81 0.016961835360605915
167 310 91 0.7506107854882774
119 131 57 0.9346501649740915
6 249 41 0.37978760835666336
3 211 80 0.31809105442309804
39 112 84 0.7881837051358465
139 368 77 0.9846134807883139
123 127 106 0.6239918314103308
173 324 31 0.3578562486390511
43 308 93 0.27432572544762956
98 65 34 0.21224531182703754
120 322 22 0.43400636315089447
175 96 47 0.5353010160836814
157 88 39 0.3327586832976883
191 311 67 0.9540722044851123
29 53 56 0.8215197318475045
5 376 76 0.1764488734307318
163 283 72 0.17503067851921617
170 388 87 0.69564921269308
