21 152 31 0.6771013646167444
15 48 88 0.8564098998387226
95 218 89 0.15799476799591017
90 250 61 0.041231642279354386
85 126 107 0.35692343343734445
4 114 25 0.1380578545115999
50 324 60 0.2334686731546185
100 227 89 0.7761530582252963
117 291 92 0.3960130444809068
154 163 80 0.7807099879861669
108 376 57 0.42800272990223065
170 182 57 0.36160636654188305
32 354 29 0.14688450754466087
140 204 21 0.27221125368159105
100 365 55 0.2663898823813563
116 233 61 0.5322085918757604
61 79 48 0.563993044828022
55 88 24 0.5325347914194808
115 25 22 0.6832138936892075
96 374 90 0.8249635597801344
119 58 31 0.5550392929499884
184 300 63 0.06652590453136253
98 353 35 0.6149464711033491
137 223 109 0.08124083520949976
133 246 42 0.29552200459005107
176 95 74 0.45194329775068787
193 297 71 0.9851553117822324
87 357 31 0.6218535795081992
175 78 107 0.9895075439538965
69 118 76 0.16975751727629373
