195 207 106 0.7579391364267
92 233 94 0.8786769270781257
38 44 83 0.13453107803158326
46 118 78 0.9495437451043843
28 192 29 0.37778996060538717
56 125 87 0.580751682124001
79 310 27 0.7594164998977959
200 5 58 0.7232742162293025
51 77 70 0.6429742916651717
60 92 84 0.2267530687061634
99 155 76 0.26985359396497965
158 57 31 0.3915496262571909
10 100 83 0.7235904689613384
47 302 102 0.3513659238472475
165 211 50 0.5163654657111751
180 236 101 0.3389247874338579
146 45 33 0.19396701132809435
115 395 51 0.5977025599001824
73 94 89 0.04642220285246412
190 60 109 0.11010233639737377
114 285 60 0.7759083050004141
7 224 59 0.17986514997292213
169 352 37 0.15776199909466226
