55 1 35 0.8548139436190413
55 184 76 0.5390848966740687
159 76 98 0.7757599968882604
123 331 95 0.7689465826239853
118 45 61 0.6083377696256539
119 380 104 0.7228763485511839
100 18 83 0.3502837556340911
187 180 83 0.32425868739825225
162 396 88 0.9744604069455574
180 376 107 0.9969628193121215
33 335 70 0.5420600653172766
13 173 33 0.6374714724145292
84 369 47 0.5040009585404351
46 131 48 0.9083018547368134
43 320 75 0.3206385219724741
101 48 29 0.2906215501706809
181 391 35 0.986630395618432
70 322 39 0.28133041686912263
146 185 96 0.25979896183089624
142 324 74 0.4822332619628028
0 310 65 0.8963336439089541
188 314 40 0.30546154627935285
102 324 97 0.1391953749072291
14 173 105 0.08677794818990692
175 114 97 0.5975059480185584
33 157 89 0.5174801015478663
167 124 99 0.8385142900085225
173 15 41 0.9087065574427888
189 283 22 0.2789785150975945
77 154 73 0.5178180359905866
104 276 32 0.5097289122168627
24 228 89 0.16113845459010145
5 216 47 0.015457866957473976
