83 136 55 0.8677064953773944
134 190 74 0.20359612348572298
2 174 64 0.9166853940361979
111 7 37 0.484936142313073
102 207 78 0.4540115641072304
52 318 37 0.04270071500096395
0 170 67 0.24498708698217386
138 44 51 0.33823079961544567
28 315 47 0.38172947482508757
129 204 27 0.595240753319281
39 95 37 0.16159337640609361
49 266 87 0.0959590882837521
25 110 67 0.34544481436838204
195 244 54 0.6190211234956488
163 15 27 0.8688759831041899
167 293 26 0.42419730558200675
172 231 34 0.2550538844256237
93 337 103 0.9690820843688152
172 315 76 0.10891625506864588
24 47 30 0.8338636026036556
115 276 88 0.3602182951183365
191 16 30 0.03584310811534208
24 120 52 0.16925178068231128
25 263 107 0.2625509024164828
55 144 39 0.5263966055481974
64 312 63 0.3831617587679188
179 9 57 0.9641334374823155
109 57 41 0.9549980163250454
191 2 57 0.9845811658458917
187 137 82 0.38746307271664493
114 89 109 0.7200863865452598
24 381 42 0.011836340364789866
