128 102 48 0.17080739307146853
194 318 84 0.6988506011347847
21 168 94 0.4036063112217314
109 23 58 0.9909061842380692
130 174 41 0.8608757512647608
80 4 70 0.4368829956166712
183 18 108 0.024713377039247142
53 115 106 0.17105618696455782
113 256 42 0.023142217618075556
193 1 78 0.9461400571134159
29 292 70 0.134939842615863
130 135 100 0.744268268596214
148 123 21 0.054766694403848515
53 134 21 0.06545202899348013
190 89 104 0.24342878359935638
6 285 25 0.2328194734928779
87 317 60 0.5429468084842959
138 12 30 0.8604952151577788
70 151 26 0.8449480217065255
46 150 52 0.42493949401179365
43 363 73 0.47315821969603755
136 77 58 0.14371507832893138
63 337 27 0.33174174864881356
168 254 28 0.41510016813816975
149 53 79 0.22865694120139524
56 293 56 0.4439329162236165
117 239 65 0.036141121922943165
136 140 81 0.5714419821400241
133 313 64 0.43939079040723794
151 19 72 0.2267095603720648
190 43 56 0.19922535708056643
38 396 33 0.8650664036305085
198 392 64 0.36326523936890565
129 213 31 0.17486238439093982
156 127 79 0.3810593042923709
