7 189 61 0.11756627682529852
15 287 90 0.3179642264409529
174 221 51 0.5947976307963123
163 28 97 0.46229566462320626
44 138 103 0.9379225598504757
133 315 88 0.6835400116000747
142 206 39 0.009559998100029499
131 272 48 0.19192383376254052
71 253 108 0.9430641303793076
30 147 51 0.402664785092785
19 49 91 0.5725924233662983
140 172 106 0.8511866163093001
38 151 23 0.17331064412839403
5 14 109 0.6795711565153706
133 162 84 0.2621894087335299
23 240 50 0.3255523468597029
173 222 29 0.964777099774755
68 299 89 0.5751327696470874
124 350 81 0.10134059492411773
101 50 46 0.9100607509434918
154 197 46 0.44475608484047446
121 371 47 0.025068302289769973
160 397 56 0.31382286761695066
88 212 49 0.29867034110694335
