112 392 28 0.5120547513476562
44 383 103 0.6269797833847477
106 367 52 0.4955598058636911
56 197 50 0.00980792384851159
24 353 73 0.6182851706081921
44 78 92 0.5556911492795633
199 157 67 0.8217698201949893
79 187 56 0.9151422447182986
5 304 106 0.15826071100486672
47 307 65 0.03508625351382677
92 177 45 0.37044142916842016
89 211 41 0.711282031504212
152 200 74 0.7177068116168087
125 191 22 0.2906880738258557
93 139 104 0.9761613672015634
196 51 45 0.7940779876626735
182 45 62 0.6769823737027588
136 362 83 0.48547312513640106
41 239 104 0.13556797248675456
85 67 71 0.8238686836656328
19 297 99 0.7308715731322033
14 182 93 0.9798533381711565
116 315 80 0.39236028873570117
86 260 70 0.9544008007955527
145 390 56 0.6280163529614292
32 43 26 0.8195100885355678
149 257 64 0.36492070892516504
168 164 69 0.7714182244579088
