57 278 83 0.5782380182921539
143 382 88 0.3341743292707875
108 114 61 0.773126957549541
66 300 95 0.5358797299123835
101 152 38 0.008892117059691174
47 284 46 0.6464455427182549
184 3 43 0.841002693289346
40 36 59 0.5595218321255212
54 111 35 0.7659650490806833
51 117 36 0.06950794485653189
169 165 37 0.3443203447854881
171 223 41 0.2914120700911591
135 9 77 0.883157994033269
149 104 51 0.09586064234486869
17 22 79 0.9519993128304848
82 279 46 0.717749668789141
171 76 108 0.07514492941958983
108 254 39 0.7770846761654484
151 292 23 0.5120981838614356
27 260 57 0.9716069502700821
101 39 100 0.6618784578226332
125 318 33 0.31963334636590235
82 157 83 0.591841331904477
143 288 73 0.6068088228355519
148 2 71 0.4042818893597391
3 50 99 0.42708341729846167
81 251 56 0.9371842576019414
49 370 32 0.5116079823944589
94 310 84 0.5418012871355065
25 32 74 0.753260547855912
113 346 37 0.7807531597505054
147 49 96 0.7702814450904576
81 219 108 0.968817585594037
6 145 79 0.4537841830491166
