153 119 38 0.8602910907051075
130 21 53 0.7424736828470379
25 320 107 0.384330081505429
107 145 24 0.3569793412146791
135 385 77 0.48997319330474454
95 30 87 0.04371888523333356
82 351 60 0.8250459084998014
68 68 29 0.9071088942913069
152 78 32 0.6758828549617817
17 246 71 0.26692490398470525
79 366 66 0.9758317050408575
74 141 69 0.05401622480442014
144 228 88 0.6556246122750238
109 239 48 0.1928991167078421
29 154 77 0.10212576089539727
180 73 80 0.18823832303025545
160 310 65 0.103232826188419
28 136 36 0.24191519859842658
154 32 97 0.8563332906776058
98 213 24 0.601257635469736
10 369 47 0.4577924742857681
35 275 79 0.27631941597374454
76 8 91 0.3744661204665991
87 112 41 0.349305921747865
194 162 27 0.4356080466530937
192 268 102 0.5794775580413947
50 312 27 0.05197187256329261
177 218 69 0.04763169257229505
106 370 66 0.6834075056811587
150 260 47 0.6877090649193949
88 160 39 0.7235993318888059
150 299 58 0.530482447190645
118 36 39 0.6123570535586241
124 113 81 0.2034419009561813
171 80 65 0.7209988093502356
0 248 63 0.9344435792853923
85 329 36 0.3022171771675395
130 138 92 0.883893888567221
137 268 57 0.737842906380124
54 40 95 0.9979009993535974
19 266 67 0.22772129391771145
