164 299 58 0.3061761011946633
142 161 107 0.6846240364281642
96 33 88 0.7308645361167573
20 346 70 0.608983253347057
158 148 79 0.20692459173476208
169 224 69 0.21811376636986868
0 68 40 0.9053654560491277
93 3 79 0.9574784599034037
139 2 56 0.6240798872995861
44 333 42 0.8474044424891268
120 296 52 0.855384045632472
16 297 60 0.0669383821085967
88 201 23 0.19727140640130336
101 174 107 0.09803379422372138
149 393 81 0.9168103763188443
102 92 27 0.02039467898680758
4 145 53 0.7906594318622405
129 17 31 0.49700833131753863
188 328 100 0.18059966662056803
69 140 85 0.25017171213777656
186 163 50 0.6973386290072507
122 210 66 0.6033657217584903
0 19 92 0.18165291742878598
199 69 22 0.24660904797570293
179 27 35 0.8381740734073034
100 175 37 0.05759591404069153
139 331 60 0.5932767473882603
33 23 42 0.42276229501728124
108 156 96 0.5408647766296013
117 90 58 0.21424266690801708
131 120 100 0.4531331839653825
67 243 75 0.29433352693337755
171 16 59 0.10066158342796838
112 50 27 0.41005248763770885
37 339 79 0.6782204418004002
145 192 21 0.8234977081396969
