189 85 83 0.7873592871952623
82 151 100 0.3893377415993218
135 163 45 0.1363426781642506
167 75 65 0.2527449552066242
191 31 67 0.19470002270610098
164 36 58 0.3864024121371794
15 256 87 0.2067619052771391
125 77 64 0.06792251264059834
182 71 87 0.44732049787822004
89 85 60 0.9453512357615326
21 228 45 0.024236518413316754
185 396 71 0.2831691266262951
149 143 91 0.4931297184239366
61 265 92 0.703073477046198
158 187 61 0.02351299089483405
78 205 71 0.8465083538126394
200 194 32 0.7424016719517313
94 210 91 0.5007775191533124
118 299 78 0.9273275786542091
179 347 56 0.9343845245277618
114 7 65 0.9344402188497581
170 268 33 0.3327637281407684
192 335 108 0.04496281138597369
