193 319 98 0.4337522107457339
38 47 31 0.25467511672307663
17 139 91 0.47743740331252604
176 292 67 0.22453820057035256
76 195 43 0.4106614186189592
197 324 91 0.5449384860630738
42 364 94 0.6786161117581171
188 290 62 0.06218582282150509
93 368 99 0.25963163311240633
148 232 107 0.10443493768928724
89 126 54 0.5402035336435588
106 13 46 0.877106530204448
26 375 77 0.1303057165848861
37 82 21 0.32643916608022505
34 53 34 0.6231454802390104
162 226 82 0.5808650042614677
146 76 38 0.5774538646962497
112 280 57 0.7788013739100614
186 6 57 0.8602387104070558
15 202 83 0.40643925028036176
125 252 58 0.7298068977651151
181 159 89 0.5701683055567328
140 204 37 0.3639953559734621
72 15 55 0.12637967772468583
164 126 95 0.5128631372207455
138 375 55 0.7561520361920379
135 326 35 0.6885946805213232
93 235 45 0.6653898426632994
20 142 88 0.8367508994469611
103 307 52 0.6465799038976872
73 337 98 0.12090165186074753
164 137 98 0.045279932855864846
170 315 105 0.678980455444401
135 214 89 0.3252632237977101
44 277 49 0.9114627359406537
