124 70 91 0.037093281665893985
57 315 85 0.5633344394481873
2 102 100 0.588208029118189
97 36 83 0.6270037276985198
167 344 77 0.7651735098247857
44 182 68 0.1647143290334775
74 46 81 0.643464017119394
122 317 88 0.31364372237484717
2 202 26 0.42307825029150337
84 393 49 0.9300802828173876
124 254 92 0.10763553206008092
97 389 24 0.09835532178998607
194 214 102 0.33047380025398354
17 283 64 0.8957029154986068
177 127 36 0.10659644492978293
129 221 108 0.6882369444700535
148 260 21 0.9179175812418094
90 78 60 0.3968663427541411
111 59 100 0.6195290424951854
27 313 64 0.7835849033759602
68 163 62 0.6770532221931197
