57 311 71 0.16671127470801828
139 356 45 0.3573249079443275
46 227 100 0.7399440555961226
116 308 107 0.6300838576015985
189 340 80 0.39032437405987164
8 335 37 0.2924603019528089
73 31 27 0.571726892526452
97 191 102 0.24428507978669334
145 343 47 0.512138417751829
144 227 29 0.37283615572269424
188 38 61 0.29439499810541603
155 239 87 0.9856106910785829
34 371 98 0.3694163038309166
50 232 46 0.8531640238661727
193 72 48 0.06462805463514099
117 106 25 0.09014799523562289
184 127 59 0.2519729581052621
86 154 37 0.271747863340577
89 371 25 0.16253163749956612
156 60 103 0.8046543408107336
168 338 48 0.19866999442748112
76 106 98 0.09575446348802041
18 4 24 0.7452267641990372
31 183 42 0.1444806196188012
175 50 57 0.6988115668720049
56 46 88 0.056018889155494245
106 100 84 0.7287957939637215
65 167 41 0.5518892880296551
67 207 91 0.8944405888901863
36 176 30 0.763059802905768
17 276 71 0.664922095682898
200 106 31 0.4397370294840447
193 225 52 0.803981143146618
16 97 46 0.5751987626095305
