146 30 59 0.9914308884061227
160 136 85 0.6990549884569205
137 174 43 0.9189249647784086
66 227 103 0.941823627345724
76 278 36 0.397034083437076
134 5 48 0.49207369428353354
30 13 105 0.5961550658193457
22 259 96 0.16584887669298054
68 255 90 0.9599100524757858
149 229 106 0.04967848568172539
25 385 46 0.6257256752634547
19 181 49 0.9136218698816615
122 251 53 0.43674229811081755
101 314 83 0.7394010764386375
89 160 90 0.9531172328584673
106 1 68 0.6366758514334236
88 326 37 0.2427429937906408
174 124 38 0.007207666133171586
34 297 78 0.0981883275876071
182 293 89 0.4132964264922351
146 276 81 0.08910359725192252
63 128 74 0.7770082955109388
176 131 31 0.242588209403804
34 292 103 0.5168774108884109
172 374 68 0.43296856537648887
186 263 61 0.9586180922305713
152 191 66 0.9917138892092024
64 279 95 0.5147183444159993
195 42 21 0.558295004401829
190 391 73 0.18201166487598075
107 135 71 0.10641081466859148
192 317 48 0.05008192913004339
51 158 80 0.7162538609917363
180 229 90 0.32322833250138117
101 59 82 0.0466411279399781
185 345 82 0.11080364344028482
127 315 71 0.14532364622449212
192 281 66 0.1344156144918407
