138 11 103 0.3469296665772107
109 41 93 0.6866902485294298
40 284 103 0.2788713829416577
42 115 100 0.02528497186146972
147 55 64 0.9571606383759941
154 51 25 0.10497440390208335
152 323 73 0.04145207535058082
119 372 46 0.5809090575006971
84 229 72 0.6411486428409836
105 207 103 0.5178158347225184
4 166 99 0.30608314206509557
105 120 23 0.312670779625262
156 23 86 0.9711822332516228
184 317 57 0.8281712656113924
200 37 70 0.8547632523578954
116 150 27 0.21190179195803638
182 26 107 0.03890305883086387
127 41 31 0.6619754478816186
114 8 96 0.8254396191744978
138 133 91 0.40763405019055854
153 280 31 0.15579131245893063
144 397 48 0.5894795199881055
178 302 82 0.8177635871360915
172 400 50 0.9817939438020533
125 94 77 0.9161314745847287
200 361 89 0.40284789471993565
88 114 69 0.44895627399921245
143 106 39 0.8187906914094715
116 11 49 0.8572682268916392
95 143 60 0.49068284534363893
154 295 25 0.41464520937130944
41 168 43 0.8447116560951031
7 256 76 0.12763318388068345
60 260 53 0.5821234385350212
3 233 87 0.6314310924268
