33 393 45 0.2040598543278348
116 103 88 0.5380481903052522
88 104 40 0.7793892401590926
193 206 99 0.21617992044102652
9 241 64 0.9168698565409558
22 331 99 0.7780415322922434
18 373 98 0.16881306623189585
84 62 36 0.8221167805371874
41 302 86 0.2451703708268128
5 152 87 0.8546579107262379
148 32 25 0.617958281713839
137 272 23 0.23334568757585883
155 56 25 0.2493435519168723
94 367 42 0.07809366063384116
111 41 86 0.19089887644701264
101 175 104 0.3653337069942699
53 159 106 0.5097337123526111
174 11 67 0.28677829586153614
155 166 36 0.1962727498634712
133 278 108 0.027432036424401174
44 285 85 0.9791951930830429
197 249 97 0.8676300552805947
63 319 85 0.575348988681439
125 256 61 0.8272883516201796
187 284 63 0.6747028396280237
34 94 57 0.9913958058522243
17 199 39 0.019206339697545816
115 337 25 0.39006204051215154
13 154 105 0.26244143165566614
27 228 87 0.7169337620890929
156 155 43 0.29437995872058087
6 267 50 0.07232834026793589
110 286 75 0.14959241988751348
114 20 81 0.2062194316454653
194 385 47 0.7444800769804117
92 282 96 0.44756783608433226
