118 149 64 0.42292164345065864
194 257 56 0.7992947944768347
70 7 102 0.36382576302425274
173 281 66 0.8039216343165286
21 40 42 0.42283838534260576
28 58 37 0.43935583757049956
160 373 83 0.6768606291270064
112 366 42 0.2161767592648831
116 180 61 0.5372044365091038
142 362 65 0.6864908304880716
188 41 45 0.25264048887278
69 330 88 0.5127534061197525
107 240 62 0.5889627057408204
96 400 42 0.4101561871026279
107 6 35 0.8402183134323614
174 23 58 0.40797202010979794
54 53 62 0.8312995343365014
125 283 55 0.8058811966929588
184 19 87 0.33310294761894976
75 260 36 0.13801037879947553
147 397 23 0.7032476757619462
32 368 98 0.4101376460140278
195 96 64 0.8211787001148979
179 317 99 0.9781099826952315
116 270 96 0.14443335140333913
145 190 92 0.9174358370179668
65 388 77 0.8592847289975972
189 69 44 0.9098246770493783
