169 348 22 0.20443149234239977
32 378 35 0.7545255778072527
99 204 41 0.7702403806937159
151 317 83 0.23195349423025113
70 319 32 0.04355061571769925
114 214 51 0.9786754682869879
5 328 41 0.8854956965988864
123 281 60 0.08756109971921455
176 34 103 0.6617127122960542
78 53 65 0.8753337735313597
124 86 82 0.8657770862401515
104 173 73 0.13472984380887776
127 346 69 0.4231984969196587
104 302 79 0.27278591894088877
72 391 92 0.9575106669441139
124 335 63 0.08812812683565141
163 261 45 0.4572658060943269
40 325 32 0.8931564684834306
177 162 66 0.319988515125774
171 284 80 0.22968702654101425
45 246 26 0.9232474669641282
20 171 81 0.04464525495305238
