197 7 48 0.4537057206996391
173 67 82 0.5321216497548666
34 298 59 0.018888937845061404
191 50 28 0.2579374919456294
158 200 108 0.08430139416392579
161 345 88 0.2156820558100091
107 6 87 0.8348078021417222
148 176 47 0.543739769041148
131 98 84 0.9180126863566369
60 74 50 0.9147290951587802
44 108 108 0.7938756545135197
121 148 73 0.9087635728591441
128 131 71 0.5037901581183334
129 105 63 0.6624102150298851
25 38 100 0.47106450854453497
147 52 90 0.6559347962568375
112 340 78 0.3741860503952543
155 196 25 0.32478651980261175
160 217 50 0.408647704139773
105 195 52 0.04031715390395918
48 14 79 0.2321108525498139
66 58 45 0.4034773225276279
82 218 33 0.7255200987481388
7 38 62 0.3960165838126096
30 190 53 0.252869129328561
96 125 24 0.44481274142231275
105 175 52 0.28035526328631577
132 156 41 0.38953437321906825
89 256 63 0.44314405006131063
42 82 52 0.03849813545241754
181 153 109 0.3808599208771929
103 204 106 0.8051283792427406
187 152 76 0.02663936201138717
170 183 101 0.6849660449502338
