51 295 107 0.7279199565045743
132 186 52 0.7704737310883734
179 2 44 0.4472622743980825
166 245 57 0.22111918707778755
19 118 100 0.4437696321311584
182 124 95 0.37415896838791673
162 18 73 0.5036712349552752
81 327 100 0.14706510789933835
34 360 96 0.9626128966215152
59 213 32 0.5294186398437396
185 180 25 0.4416085073801569
86 236 72 0.9769821815910447
78 24 29 0.91428786569932
41 14 45 0.5731518119366635
6 177 58 0.2031215085728444
136 35 93 0.9987748593950909
181 77 53 0.9465813513667797
44 348 58 0.23024815981395186
145 390 100 0.990926760903819
21 341 104 0.04743965112995696
128 371 66 0.6680080763339962
52 121 61 0.769617258153003
1 347 41 0.7783688044777526
136 48 86 0.5169123265457907
177 225 21 0.7957390528875563
178 234 53 0.47163564876589914
111 15 105 0.33045606022535756
31 14 43 0.4990964616314816
13 375 76 0.2645767086736579
64 316 105 0.04840238968249966
186 144 29 0.06689596372664042
9 332 55 0.6779363983697093
98 120 44 0.16862927059965938
