192 380 88 0.6974640242866694
19 52 45 0.27728128218420156
13 145 22 0.7410933789816231
193 337 71 0.09743150642844767
121 137 94 0.4378437069791694
123 319 78 0.7037992209849557
122 30 99 0.1281253050571104
82 63 87 0.9167468914099938
113 294 34 0.5232241276138653
69 213 28 0.38660087526166687
128 123 61 0.27732717454249123
95 389 75 0.7646284484383026
103 375 33 0.264016810067609
98 142 58 0.1018753420814924
159 296 24 0.2039862265371699
129 398 62 0.018657855479798036
116 171 24 0.572647663258624
183 202 71 0.9947552468906125
172 271 55 0.09060755551002952
88 48 91 0.9711074767876045
155 240 93 0.3948704902313914
137 261 75 0.5116150484169818
164 375 97 0.8474185356979737
141 399 81 0.40719152872158226
41 226 109 0.9602384235316367
184 87 59 0.9289519984356158
104 111 33 0.47396830480954466
