146 251 91 0.8882140183367602
186 203 88 0.39925957057777495
55 15 102 0.7737254186834057
135 210 49 0.08310711713772989
68 334 39 0.5853938177523895
22 242 60 0.5101738624490141
30 190 51 0.5296007945955787
119 109 80 0.773615803582535
182 23 71 0.24943927720120718
143 104 43 0.4136265730443214
199 246 97 0.09999214875030793
136 147 37 0.36426455122961665
200 373 92 0.9842102980637268
68 175 103 0.40181695370401393
10 197 38 0.7060031038862681
173 76 89 0.5648643135193875
74 41 22 0.9651638510438038
19 15 64 0.38256774673187843
1 369 45 0.6372827793939316
117 342 82 0.3296613167682729
193 18 60 0.2633348852057109
183 173 71 0.9092431334913263
32 3 29 0.45284631959787636
75 308 58 0.5259953633749451
114 359 30 0.3888103471464939
46 296 68 0.3192475111304659
103 76 65 0.7143499469906744
35 270 40 0.8163352163747195
194 78 81 0.7564863478962223
196 292 94 0.1589091107305708
106 128 69 0.7123566048598965
