46 71 35 0.4299712800349297
52 97 109 0.39771630550180315
180 222 47 0.16484575095786225
113 278 87 0.5258710065767561
115 341 40 0.2072429861631242
52 256 33 0.707876773297263
106 25 93 0.015817760194296815
48 270 88 0.2183381100150783
2 260 83 0.8965037331054992
174 69 51 0.5985042571009428
141 303 74 0.35417836218015075
57 341 89 0.3543172722914809
0 261 56 0.011162014179319057
173 231 103 0.8378365614942196
67 140 73 0.8131765560777798
154 54 63 0.45050156876914993
175 140 78 0.1716087158823394
87 68 56 0.2974163563303168
85 309 95 0.9206092867116348
141 248 25 0.12891036367992803
141 289 45 0.5796084519170819
82 110 82 0.23255333612497642
108 11 55 0.3795830059129319
29 188 73 0.5983526047639596
82 68 53 0.8701457669978618
151 348 82 0.0458024205864197
11 193 42 0.5127030313774128
19 20 100 0.3279613224475194
78 126 59 0.5519682584046629
108 384 49 0.8166316125145578
55 364 105 0.3583990824761695
13 103 101 0.23932399993218612
9 338 67 0.1997387487160791
80 392 63 0.969381444111297
127 85 54 0.5641405318856441
44 158 85 0.15772595136564782
150 75 70 0.6055883692975286
