160 345 68 0.24877707085008993
190 304 69 0.6711505511324823
124 358 58 0.5865657402554411
8 69 40 0.8031880816314423
59 20 100 0.1324083672685895
26 279 35 0.6322126387086255
21 235 49 0.1086290189152399
158 234 30 0.39471415883123584
7 186 48 0.38834192897758824
27 174 29 0.368385563389096
0 192 94 0.05997309016839425
186 131 24 0.7364253265538515
2 241 63 0.6000272985746786
118 347 68 0.24034512887330928
92 108 34 0.6739656243894292
172 120 88 0.7279201750968736
125 78 69 0.035827843588285946
142 67 97 0.5255250932728927
6 38 43 0.6614155586096723
200 260 67 0.4084096766520642
98 258 77 0.2112702067290152
64 247 109 0.9541459119614715
61 159 53 0.04177769189578584
78 385 65 0.8637198188643305
14 267 62 0.940979244883216
53 93 88 0.4125723899270499
114 16 64 0.46387488531823207
36 79 104 0.5266885296537218
9 5 62 0.7021789088937219
186 185 102 0.4116890878841948
191 144 75 0.7361006793949548
10 96 28 0.12759190314494517
11 198 87 0.8423381281914453
122 138 69 0.9205014454275702
200 284 31 0.6819046102646867
