133 127 72 0.02771645791477295
61 14 81 0.8915232717525873
62 88 99 0.33332843115095667
67 354 98 0.0556082912933461
101 122 59 0.28511449685471324
186 338 36 0.05606718188887494
164 156 21 0.41275397628217314
150 196 86 0.7943197207554453
114 216 94 0.8594704449361223
93 302 60 0.4912398374760206
32 294 101 0.7865722896602112
102 27 64 0.6264061147571305
57 71 83 0.08921652060948415
180 356 92 0.8812856804618601
195 101 50 0.2986311384768624
191 332 29 0.7681664336156019
105 253 38 0.7135431929110395
24 284 46 0.5695079552120861
92 141 104 0.8253595822105184
76 95 46 0.6099943035823938
56 328 99 0.25550450642522693
163 229 44 0.2125815008533043
16 83 61 0.7708015121915478
124 121 74 0.448148491419639
173 219 25 0.10267818153196828
90 66 72 0.29706746793597194
36 10 27 0.4370057948346434
123 106 107 0.5989240679130767
192 340 68 0.7119893056712692
0 53 34 0.6230275622171693
