185 230 109 0.949044767728358
42 31 68 0.00910547179163046
103 105 79 0.42615721641234905
76 7 70 0.24085188297281512
30 357 109 0.5481705108538318
186 57 36 0.849178754429246
62 58 63 0.7947103036943658
99 254 47 0.17847697770732862
179 379 48 0.9293841311440122
42 32 55 0.2192959215393261
98 67 58 0.8710990903402644
145 210 62 0.5343978291468026
135 365 76 0.3562619876764219
120 66 85 0.7043380485646568
88 182 44 0.2719837307637495
111 194 46 0.24798559027928524
162 82 28 0.8656470789588897
153 129 37 0.7932069872983548
8 334 52 0.9183966779086624
177 152 107 0.24888218491936365
34 17 108 0.5342306472449391
78 219 101 0.40563879290505045
51 194 98 0.13916312365116246
22 101 61 0.12168208353043275
91 275 102 0.5488253092393091
67 121 27 0.7351850437230985
137 105 60 0.25653887381047125
118 77 58 0.6740277172019943
193 239 108 0.6612562320916809
94 241 78 0.031431672638407515
