158 212 58 0.8572839482291326
43 230 70 0.7541547242438059
139 208 97 0.8998496668331983
39 346 29 0.788865570143064
50 295 21 0.3082010549495414
68 363 76 0.2668130987979458
196 328 75 0.28238772844379945
61 235 32 0.4015491214868001
32 348 47 0.8796657726348692
149 8 26 0.7512731411446726
36 196 107 0.6954720835748521
149 303 21 0.9050463129284019
19 63 97 0.7780371230881687
123 211 27 0.6792764562689422
36 360 63 0.9339729834382482
101 167 47 0.5747823673634739
111 80 101 0.6231710418548599
90 344 44 0.5703546936850394
27 312 62 0.29948508646064587
185 310 56 0.1462708300911627
106 49 73 0.191602489522397
104 358 36 0.4059600635284353
154 283 74 0.8713748721444041
130 8 60 0.4490097762134879
189 129 61 0.5762808836169758
114 260 88 0.8694908369794075
178 49 100 0.9742410943540769
142 106 79 0.7811365273205124
109 106 109 0.09714758959261627
124 48 26 0.24121977378440873
125 241 93 0.9450788231923662
80 330 44 0.45719406305416177
85 356 59 0.1409474523044445
