109 219 25 0.5217356802826828
139 294 35 0.7026156846944708
4 201 31 0.8388850961993634
10 164 51 0.15720726582834188
137 59 77 0.910034977660282
161 127 24 0.73044288944782
196 351 48 0.9988851786810342
64 191 43 0.551054771283555
121 215 21 0.04637885050575974
144 294 43 0.24764331619497848
128 340 108 0.9271048121377059
5 158 85 0.9513746747968135
138 7 74 0.21337823233620057
23 371 95 0.2683920999609648
161 292 94 0.6903796484065242
121 380 43 0.23622894156649954
41 320 27 0.39920391177155023
56 278 31 0.7262368051095597
92 122 59 0.09904691516258168
171 268 36 0.4500170592840568
197 15 96 0.8970009347826882
140 295 90 0.26310530759409223
109 113 42 0.4851967445288583
146 59 99 0.8517005144785144
195 385 40 0.488610409026326
46 293 79 0.5178879068803544
181 231 86 0.2088164842191298
83 62 60 0.19867346668398966
155 234 35 0.6059576367743665
165 273 31 0.3155463092291292
18 176 40 0.1996954890578586
116 284 100 0.456110239363014
77 257 27 0.471360217423901
