20 216 63 0.43830925047382574
27 388 44 0.7958042360002586
128 265 39 0.20152004173214377
21 355 42 0.0030804262449909414
8 48 64 0.07283515996559964
183 264 58 0.434395201843805
9 26 42 0.151664910990848
11 46 62 0.6812414747344095
91 142 51 0.1341403729078734
15 202 103 0.4866627025009227
172 53 25 0.3492709745028164
60 297 103 0.7746215108928607
158 371 58 0.6079573158185928
40 138 63 0.27727793014025903
45 231 77 0.7094439679461545
89 110 61 0.20324715872861077
125 253 78 0.9943953451390667
174 227 87 0.057615257921084795
190 243 50 0.7622773420870699
56 82 104 0.5283427384588638
115 203 77 0.44735732828365493
4 135 78 0.8154290083974254
21 149 36 0.3848916533813018
138 360 87 0.9761665572863214
7 224 58 0.10734609849691923
49 127 99 0.374677616925122
138 15 67 0.7167909785150576
111 340 32 0.18391871524933645
41 246 25 0.9711145588584529
195 188 90 0.7240149637562466
