136 360 82 0.8670257567926651
10 25 46 0.6830408565683785
71 124 39 0.21494036738706557
190 182 75 0.8921093075791159
105 51 81 0.9002971780703865
160 277 90 0.1818648423299427
38 47 58 0.7250655527337186
137 229 102 0.5006540769272864
71 158 98 0.5514175526355559
199 232 64 0.8040527365327503
58 138 45 0.8639221524157872
177 365 69 0.6924341658832113
119 105 71 0.7693805700464582
69 343 65 0.06205133950490338
44 328 47 0.5154681185004707
181 395 60 0.054974039868885716
38 111 102 0.4539181848389715
11 2 68 0.28523183747778313
176 399 26 0.7760565731854344
142 74 98 0.4150502989165735
153 268 22 0.3933844394690895
171 176 27 0.07376907741065863
196 316 77 0.6273491239319882
117 164 32 0.5969514028805578
