93 276 82 0.988782222923003
165 233 88 0.5373926504311457
153 166 69 0.7045358377127581
83 281 69 0.32392763020348203
25 308 100 0.7015212618614962
34 343 23 0.7822178314964215
141 174 94 0.9580801535050907
97 11 67 0.7640725757391835
161 200 49 0.23817773827489952
68 272 21 0.5551783628137213
136 376 31 0.6130860575489863
0 361 80 0.30181817897612784
184 315 83 0.9335351050895725
18 276 41 0.12293790841446561
43 234 36 0.616926185467936
165 84 69 0.8545657626574658
108 305 24 0.4651029293655482
84 229 71 0.7678719603359273
11 268 33 0.22700021215934418
147 346 33 0.7282046658627949
0 102 45 0.6018577854004422
190 302 96 0.1688500530736572
195 9 85 0.5999127236516336
44 187 109 0.07642324639659737
134 60 33 0.8284948959527644
70 209 73 0.20978621989245094
192 171 61 0.28242301039641726
65 300 50 0.4021974464938486
192 125 29 0.2470071086581016
145 163 33 0.8975809752584221
45 242 28 0.9148784362022069
