185 271 84 0.837120375359981
52 327 52 0.7948394624375463
200 150 56 0.4271015542622011
70 92 105 0.5746927833417702
40 382 39 0.9216184224719496
0 363 62 0.8902673507553447
112 139 30 0.40995330594665735
113 239 103 0.046897252558103286
111 11 52 0.6228268248559555
114 344 88 0.365310958826926
51 88 91 0.41441109430808964
13 15 96 0.7293159590805757
188 345 79 0.7969302390288115
107 324 94 0.9458972456794004
13 284 83 0.8108097637427972
110 344 56 0.5503868994225816
113 156 65 0.698968343521626
133 227 59 0.6730582543733239
173 7 23 0.12830208069511817
115 169 44 0.537107439436722
26 212 54 0.16305672317952635
131 97 98 0.5309734973853356
