169 230 89 0.3099522186590188
40 255 103 0.8537112345778651
30 158 98 0.5037657955840457
142 140 27 0.6523108565327458
23 139 81 0.994310333873638
137 79 102 0.32716677809502726
176 236 56 0.9106114713378616
75 366 90 0.11386222121128975
123 127 78 0.7363190123324485
45 284 67 0.6368661912275808
17 184 22 0.4381639599351739
61 302 50 0.552770764925303
99 93 80 0.7962911088272945
39 165 94 0.28892746402265845
17 122 29 0.23816659162397535
35 219 101 0.7804296388049634
165 155 60 0.09440880399776641
166 198 28 0.2604082252321146
128 147 36 0.9863754082581649
197 397 57 0.4303686037356088
147 34 62 0.18093650843335263
15 137 79 0.6024031808483642
7 278 29 0.828414978337157
174 73 31 0.9157672173422884
10 333 50 0.4115648781378751
150 77 53 0.8518232173609334
164 295 74 0.6423188190642704
15 322 104 0.8378516422094734
121 229 95 0.9097191598364616
122 182 52 0.4047083909588042
195 280 63 0.7132903459013826
84 6 94 0.9742818896972701
42 291 66 0.6511766204914128
167 277 108 0.9866532040007776
