145 200 31 0.9950594166380067
16 294 76 0.061068161168255086
95 119 75 0.5065023219862577
80 323 109 0.46394468401700917
3 248 25 0.2992844063180241
70 348 60 0.3031650977912971
26 387 25 0.5059675765905655
200 83 84 0.6288896411875264
141 76 98 0.6944624362644983
79 44 48 0.6488200776070439
123 273 31 0.572789783935315
45 366 41 0.2699021360955719
18 40 70 0.11785322596884995
160 8 98 0.01695700381072507
134 313 70 0.7220006405479669
149 18 70 0.9521175879960967
143 26 74 0.8238216473443155
152 39 102 0.14574923628056657
115 18 32 0.3588044943358626
72 182 68 0.8735991862866317
73 78 99 0.8161549351933504
114 234 109 0.4624936171984545
27 54 27 0.008393795876461385
34 336 42 0.8750687417182835
146 254 94 0.7978105967020537
25 90 23 0.16553411414720887
77 38 43 0.5131527800517316
166 124 83 0.6445862751582664
166 172 33 0.9297670947517087
106 33 86 0.14503745348311137
148 137 105 0.8121389430908651
