186 190 71 0.08568946155570434
130 326 80 0.8507438684291426
160 319 22 0.11098196993004039
2 393 87 0.38726096813433664
135 95 84 0.7014505679453276
158 221 55 0.3670530927626856
23 173 47 0.2901552993493165
149 278 29 0.33519127355303224
132 57 69 0.3614892744914524
171 188 70 0.06573381383126975
165 296 109 0.21439667954114794
48 322 81 0.6454789349642912
126 26 36 0.9186739426683572
64 352 66 0.0199003932168057
5 44 82 0.8669153907324199
193 299 66 0.545834169762032
52 395 87 0.7133887225312238
8 393 77 0.968769643637755
73 171 43 0.8531575674884968
148 105 55 0.814824554412533
178 341 61 0.848265571837701
148 184 70 0.1530295307796523
143 13 71 0.002370765147086562
165 354 88 0.5187703881311448
54 358 25 0.6263139420184846
150 142 28 0.13681044803785603
36 26 43 0.9880405739260295
193 57 106 0.38379126128662533
38 190 28 0.9494915962892859
119 42 23 0.8532604317222234
98 126 100 0.7428385193813856
