67 26 73 0.3810860063565946
72 24 48 0.8721510793074004
68 30 84 0.061780748016043496
141 218 28 0.769021674553877
157 275 94 0.4497234299790943
128 154 97 0.6590980265709512
144 64 62 0.4446623636166801
118 142 25 0.8623574691567212
104 111 82 0.6027259007639605
74 47 106 0.7575339797732368
163 325 89 0.05477751944102094
70 256 91 0.43209400749464455
163 275 92 0.926055075996619
46 126 97 0.7294596745184815
44 210 77 0.23444983309872713
155 358 34 0.34445504068311206
40 74 107 0.7081382349482495
106 128 107 0.3203850663047362
57 256 95 0.8383215633250397
155 363 106 0.9898835947672242
17 50 49 0.016679914129516527
92 389 96 0.28046991103473706
72 161 37 0.08284187893497563
103 28 107 0.5329190481997584
97 71 108 0.8587709245517477
115 271 72 0.39600736603267417
74 328 21 0.9193273051033868
83 308 26 0.8548477194796718
4 346 82 0.7555363013813158
