141 310 33 0.07213014683264474
157 189 25 0.11466078047337824
158 363 65 0.4282974700423301
125 21 106 0.9283143597394933
80 398 51 0.48526482856306463
86 193 67 0.38101022110080496
119 75 43 0.4366041465819305
170 39 89 0.9535409046011245
122 400 61 0.22211558814320687
72 60 49 0.3088319591953459
99 294 60 0.6243214914016102
73 226 82 0.19156426913707314
185 359 107 0.25697043131860997
67 179 34 0.7715960033092882
164 280 51 0.24686231351130739
129 378 69 0.37538691182942663
95 168 30 0.7425535084628971
46 49 102 0.08843060375951584
133 357 102 0.27545327755414695
27 265 21 0.5479072174160909
155 316 48 0.05406160134484406
107 8 75 0.28479702146205166
4 301 71 0.6404713412680267
177 341 108 0.4213633519950062
165 261 52 0.656261360717762
153 22 77 0.01686160258123026
137 286 23 0.42308699561919616
122 35 29 0.4320027318199797
