138 114 35 0.6740829651936696
104 38 54 0.8131764526475209
7 235 99 0.4528112520419273
176 374 40 0.14974217762867792
194 65 43 0.8398432676829394
70 309 67 0.07954248345594062
179 162 42 0.7685313983971989
197 258 49 0.8576231127279184
148 29 26 0.1483942718370842
58 372 43 0.18355863576301001
157 18 109 0.19899938957285934
44 115 105 0.3713020615187802
155 372 54 0.29162914506750415
113 230 82 0.43334321457186875
162 397 56 0.2521157880554987
154 304 98 0.24944765245063905
182 283 47 0.6273025128915993
167 258 56 0.7072169889501061
184 23 50 0.3676860454103127
157 81 96 0.5152448291336057
122 22 45 0.5993148267256521
35 303 95 0.32012881889882927
139 64 74 0.25683268047214547
118 244 79 0.9240274252813763
27 213 47 0.9994581923908995
85 1 32 0.1862214607292778
18 299 48 0.6678650858635338
74 293 87 0.9471296368956431
20 315 64 0.8535969304325681
60 78 32 0.9032657615924977
145 300 75 0.3589227058040868
18 75 71 0.40875260526965296
169 263 44 0.37060249356533814
