198 282 51 0.8496697945791089
71 3 85 0.298834864613
179 97 56 0.17073701541418218
164 240 56 0.9985085754709064
188 254 99 0.5078409138750476
178 5 99 0.8156860848674102
172 348 88 0.5014627378174632
60 389 64 0.14651530358591047
106 16 35 0.9191155051784969
34 34 31 0.03533320588188216
144 50 92 0.998039481271728
142 165 56 0.5844083235896586
196 257 43 0.8413969672813798
13 373 103 0.28564643837851844
25 171 104 0.8455891203839312
182 259 69 0.9661192745908452
67 330 26 0.4081566694388753
162 138 31 0.5384974042444227
183 40 65 0.7587281410649984
172 54 42 0.8938577006323207
11 77 75 0.7647397561764213
49 390 75 0.40546914998505845
85 343 45 0.6793756022648432
