84 221 105 0.891664575556094
124 164 73 0.13578814543256845
146 64 29 0.18252638751368078
150 1 94 0.388589353493513
154 383 41 0.5441148319875051
29 62 75 0.6067425394880492
50 330 43 0.6149381900269427
143 211 37 0.42123477352453387
83 63 71 0.794754991749944
25 166 105 0.9115579987291647
8 95 34 0.5122485802598747
91 392 57 0.3777975679996606
68 89 36 0.24256448087466642
35 240 80 0.5492066142643766
167 131 81 0.8078614535074493
116 133 54 0.8404465418771753
157 286 102 0.12954738056056392
76 99 106 0.049228394045622736
59 155 73 0.6677967778179743
136 400 36 0.40241063941602495
28 320 75 0.6939000061639548
132 191 106 0.5442229192570185
29 207 92 0.7766203213942462
20 1 84 0.5062821373460331
38 159 74 0.09787969958298526
139 13 46 0.9083943407160062
173 14 27 0.5018041756918387
125 198 70 0.5551960606655177
161 366 102 0.23030325934117568
151 295 75 0.9423632472555957
