143 384 108 0.45577972294631786
123 384 28 0.11790783570741403
110 115 85 0.2754340234434268
66 87 105 0.8738861153119127
81 77 40 0.623866464665813
97 150 104 0.8742360715615984
123 11 106 0.9266755436342811
72 238 23 0.12037026959047625
162 242 67 0.4016548723572062
58 281 36 0.21334946861020376
60 239 64 0.6210086615692975
75 328 53 0.21899164373507463
23 116 52 0.49267737836892744
152 154 63 0.30701837842509094
192 337 57 0.8134517229993458
123 128 22 0.08319100699769955
102 280 93 0.17484840736676155
70 334 82 0.0400350486190757
48 396 99 0.08754750225993402
55 11 26 0.9928975869943432
116 334 24 0.49335541440569197
189 165 52 0.8136834449434153
43 356 79 0.18205091193840672
52 208 27 0.5709065002787536
7 358 52 0.9157125269735228
45 202 49 0.6463343252620746
125 314 50 0.9577338312599385
