63 24 109 0.4961350191314853
92 152 71 0.9832109262354206
59 253 100 0.793020477185173
113 391 103 0.598121280646895
141 261 73 0.7436943110222545
48 8 98 0.7189080074106006
195 216 105 0.5911167614066335
16 92 106 0.6655163428663634
109 206 45 0.9059500399514018
85 309 62 0.7882875889031054
131 308 103 0.3939829621691727
104 301 44 0.4897641894595518
179 379 33 0.5762548955790678
96 151 75 0.28925222917869475
193 196 86 0.1837455150228463
200 181 40 0.17306751459088476
67 359 89 0.5375912774157061
114 105 72 0.8391754565801832
167 208 30 0.8853124190112668
10 328 62 0.874110754916595
144 335 102 0.7337317499003979
112 181 106 0.14171992658797794
107 47 89 0.10807098341255739
189 178 92 0.23229408755445402
57 334 37 0.9408839703439198
