183 75 40 0.7524803367406341
19 189 54 0.8520635915194196
120 129 30 0.8991033373875732
76 49 41 0.7218463343435839
11 80 103 0.6459669847368391
77 364 81 0.52520655392192
160 225 106 0.044021099790919505
184 145 44 0.0391895867600498
153 19 99 0.2268528152091951
147 175 22 0.8900506902679757
88 123 46 0.16151835285211869
130 297 58 0.3205839535723719
180 9 106 0.6640639820589234
79 153 83 0.8078650372581879
121 366 65 0.04195701805190355
164 380 65 0.7472936239724373
134 60 40 0.11787305215071009
94 57 99 0.4521524778888186
135 220 55 0.785119199951536
35 62 37 0.8845975275970036
113 141 68 0.03157734080167751
150 375 53 0.25288569543986195
161 200 72 0.21652245632415223
56 354 27 0.6282322481944734
131 180 55 0.42476192937031265
183 147 95 0.9521776443463786
15 8 65 0.2758262467427095
48 56 69 0.3724617943446292
15 350 61 0.21698447148056244
