15 266 49 0.5970247930062194
35 180 33 0.7086175907062808
64 292 106 0.47840219172657716
198 73 26 0.14957296314197288
172 180 54 0.4345323625940324
4 84 37 0.16694017370881065
99 131 57 0.9705872815887336
119 70 99 0.6863557759466866
197 322 88 0.9823120317590134
91 28 82 0.9821584926256085
29 46 80 0.6490374734318765
125 227 96 0.5429801867981868
47 184 67 0.4138905427966745
15 381 109 0.34160673695996835
11 94 96 0.3094056872337462
80 182 67 0.02321357695791415
71 76 87 0.22477820016955918
118 72 109 0.7110707840957883
174 53 40 0.6409481559937055
163 171 34 0.15420039792138807
72 234 108 0.8050703797267839
57 280 101 0.5565222605852673
144 142 22 0.9994464497894
169 387 29 0.7646741431453281
125 143 33 0.5242479609617674
138 234 60 0.6623176624210038
24 167 66 0.6992697830705888
73 386 81 0.5111500798601142
