168 340 93 0.6531407825465327
35 164 103 0.3998870558501544
74 345 36 0.006439555770418437
0 126 32 0.5216249597207221
76 192 46 0.8826639671572132
130 206 42 0.07842548481851042
173 353 27 0.48556630366831066
77 253 91 0.8327794320245074
79 190 76 0.6403889460812879
92 70 59 0.7265243987168161
146 42 100 0.6659180020271602
9 366 50 0.6197278535662233
48 237 35 0.3575549207728552
46 340 69 0.045396486052392104
42 64 83 0.5529572352404932
191 134 90 0.03498097709630743
75 48 79 0.7669464453285724
62 391 35 0.48761652175158365
157 384 32 0.727766516440443
98 264 65 0.06810309187982666
51 169 94 0.3986471867591729
94 177 56 0.7394365998753698
