88 343 65 0.027255039454418206
171 127 45 0.15546291266353274
136 342 42 0.16786513569744843
189 44 86 0.9588030673327292
18 352 105 0.7416658428863996
131 164 70 0.3927233102321638
39 87 75 0.4395558054479739
107 390 31 0.07727536595897155
169 177 44 0.08537484434503184
139 53 73 0.48055261107543523
1 291 68 0.8242820965374079
140 190 86 0.9326206516860547
101 71 94 0.1854903588800988
80 397 73 0.20930987814085267
48 280 35 0.8907624778681674
119 208 89 0.7373172172291369
162 134 76 0.9701773388765297
118 11 22 0.44238707847853886
168 223 28 0.07189642756549752
148 381 58 0.19522485780352095
134 125 25 0.514999734877185
138 16 22 0.9169013604604721
134 400 74 0.412269390428776
43 165 50 0.402292053278019
53 364 102 0.9653854845586061
39 346 51 0.4049981926092526
192 223 83 0.9139486828975136
9 36 102 0.6303426603284162
96 50 73 0.3664810592636938
153 16 101 0.25653078523968076
