91 27 78 0.8808857433950624
140 62 81 0.6463209584646915
48 73 96 0.6109635469168343
79 33 52 0.0026051452294915123
98 198 51 0.34324806432000066
101 351 43 0.4862504137848306
171 353 55 0.44663907154411187
119 191 60 0.004534356893457936
6 28 56 0.48970034427302356
2 381 50 0.9561975764387559
84 328 75 0.9882254510226017
171 150 74 0.29871471370434133
90 219 32 0.7766961023799267
81 320 69 0.6350760901682505
138 335 106 0.9753554957208198
20 364 108 0.22205990993005653
89 324 59 0.19608205404180468
171 69 42 0.2875279508695211
2 135 67 0.8447018637499745
24 82 66 0.23557553066426495
55 218 28 0.7848232666948584
69 340 67 0.2706290534854582
23 358 58 0.7811993764655795
55 226 51 0.48663266588726994
163 9 93 0.35844908277037324
5 119 108 0.3822542408360807
20 16 89 0.27786305159521263
60 117 44 0.3604115727541767
87 32 76 0.1254264892329725
66 100 61 0.7832978914959222
42 97 104 0.8270978619083085
37 317 81 0.9339654198925039
162 255 95 0.6275058317835038
148 21 89 0.6053169904018019
194 400 32 0.3774832924081769
