153 186 97 0.7137151352247798
124 354 49 0.9389803322175315
91 201 26 0.671319188792204
78 323 94 0.5600874510443498
17 64 99 0.7188918567830643
147 10 73 0.8823458678109275
167 77 45 0.13866373766450746
170 197 63 0.7353880105477403
20 356 62 0.563970396642268
146 41 44 0.6502320727434782
132 248 31 0.12257101411456472
64 207 46 0.48535601010514773
95 180 56 0.8436951941159128
58 198 80 0.7297513737342343
189 365 35 0.7325928926619975
166 26 40 0.9929019648870082
37 378 98 0.646945297294104
59 138 68 0.4796179860292139
159 179 94 0.04361301543869178
74 82 88 0.23627780718445646
169 205 32 0.2947462946675833
66 31 106 0.43052946412438087
23 1 75 0.4220543840663151
86 246 33 0.09896572362000589
198 180 65 0.16222095967103145
166 374 91 0.7199383581762185
133 348 69 0.9627100112587402
6 294 46 0.5172789415871545
