159 14 76 0.8505105899940323
179 276 29 0.1133712988908101
85 65 77 0.36556755664925566
109 175 47 0.0968216482724582
88 119 46 0.8281392357479327
12 266 50 0.3764129267793762
106 46 97 0.3670208015782441
42 54 55 0.985292571330311
89 199 77 0.5669328010407185
61 157 78 0.6126990806336073
117 365 42 0.11732268682132163
21 99 76 0.6757750387687393
13 21 40 0.7152356847295124
126 397 88 0.22282606126715132
73 397 85 0.33868301401968004
8 334 35 0.8262905665428972
185 365 87 0.34235950080572997
15 238 40 0.24879790619133124
15 332 24 0.2703718622850456
174 86 104 0.9141567544073868
133 129 74 0.9495598155329813
59 175 21 0.38766648863561104
166 229 41 0.6731074206599668
191 165 97 0.4407357749883408
33 208 100 0.8873776184568448
92 306 86 0.4511412367955421
103 148 51 0.508712742779974
63 91 58 0.7098659320224463
161 99 27 0.11629461779992845
22 174 35 0.5614471796648765
177 11 48 0.29943175788184395
