162 354 38 0.42927876289362765
12 274 90 0.6469484842048399
92 217 52 0.5464097756206998
196 230 99 0.7150174352623836
173 250 64 0.8866858765037307
30 115 84 0.8683928272115988
118 179 81 0.9810376282372545
137 156 34 0.6442659509617904
9 103 44 0.17717577801105822
23 250 73 0.1513581509748212
94 152 108 0.19280813423292242
43 17 51 0.6951813085944247
194 358 103 0.01847132250997041
160 211 109 0.4321303331343894
4 128 31 0.08935241772652336
48 102 85 0.6923626677131277
61 398 72 0.26753814649902563
114 155 22 0.5418609622401047
93 187 87 0.926164412192822
97 2 94 0.8147575546049037
186 22 105 0.3746219160593476
26 115 62 0.21010575135517007
0 65 69 0.851255150235343
184 155 42 0.2909741699672791
123 122 41 0.6133289388498349
104 144 93 0.7537486184139832
175 104 42 0.005205878333682912
