138 392 109 0.7719369663362753
27 341 39 0.7913986003470499
102 125 22 0.005173081488007436
52 356 52 0.004100889114594164
44 347 61 0.9435497797822028
64 52 93 0.7650414224116577
124 98 98 0.40439746308454994
166 238 58 0.03137250286783888
79 137 66 0.06440178740881919
97 271 31 0.324738357221265
161 139 105 0.08433316918252398
181 239 26 0.6125756847288569
121 215 38 0.8492755166064719
123 310 60 0.0781392209394024
164 8 62 0.7859119996222486
157 73 33 0.382099054313613
31 177 94 0.5622010318997105
135 31 57 0.2939269244895668
29 162 22 0.38324556270362453
139 288 107 0.1625713125317625
133 299 92 0.4983133194933942
25 64 53 0.216858661493459
88 239 73 0.7460336962989003
113 330 83 0.5267517525625305
123 322 52 0.2065695687583684
189 202 32 0.40686550745714145
48 297 103 0.047744842625022654
119 155 41 0.08483530068823963
85 103 58 0.39594791808887597
59 354 41 0.5841553649132348
134 8 64 0.2850985507271574
49 85 106 0.30744749156981066
150 254 22 0.06919552559921527
21 285 74 0.8408502145277007
14 131 49 0.6458919823423234
42 52 70 0.9003015313258094
