108 101 90 0.8171119919843839
13 343 45 0.13908213729257235
95 222 65 0.21597269105023553
116 310 98 0.8757708786184139
84 81 25 0.036911765202138014
186 169 71 0.05523598657235662
58 385 27 0.6912232581560503
71 215 42 0.26966444026046876
143 218 54 0.950237723200431
30 144 69 0.7027345523813407
141 252 41 0.49392508103051014
73 375 67 0.1966010263707162
53 398 97 0.7987390276922121
4 160 32 0.569216139874006
129 192 97 0.41692208793708185
83 100 63 0.7012838033246767
100 99 75 0.6579744491766006
12 275 98 0.8459991570693479
14 76 59 0.6512497486900004
187 154 76 0.8023556367959649
197 290 73 0.32735905284686817
157 314 55 0.8745675459604487
100 164 93 0.6148145367284149
4 137 52 0.60184967857095
85 4 105 0.2080589883917543
