11 360 64 0.7112133263834434
179 82 109 0.992380781423715
97 323 60 0.47632778674232845
192 308 52 0.987999863900983
179 75 99 0.7587519751728994
16 94 38 0.4490457324333349
165 224 80 0.20492726735490852
156 132 53 0.5307284865119104
88 352 46 0.5398971271610231
185 394 69 0.7519849456967123
157 264 32 0.2907147610643417
104 384 33 0.11160494481197214
34 204 72 0.4003149043046209
122 337 76 0.7138353998453257
87 3 50 0.8686168381820215
11 178 23 0.5613861786188737
79 87 108 0.02027629974104861
74 112 50 0.3922532912816885
1 328 80 0.7533471533994334
36 387 29 0.009934702582332089
153 118 37 0.7984233871428582
23 379 92 0.2846291064300196
155 295 70 0.3848289210546576
44 124 28 0.9869476173894537
