111 304 22 0.17969369801339108
104 277 83 0.9702659459532952
72 17 103 0.7193810753981059
132 86 106 0.33791116392214726
59 34 104 0.6829636874001607
97 150 31 0.9951534942172872
118 177 39 0.3845255074780808
118 225 72 0.4965619601942822
113 115 35 0.45756183096052405
162 108 85 0.9746058269816518
61 117 60 0.274938525360251
110 23 64 0.10559185336518684
155 213 38 0.30684361844240504
188 144 86 0.9716042508869451
30 285 44 0.3695144417791343
38 361 56 0.8202511241965377
36 221 41 0.36333710378556217
19 120 53 0.0030042696382536205
200 157 76 0.7435522658479053
25 327 76 0.5693853206538259
121 167 45 0.5785500988426923
132 217 31 0.05397026496848767
43 268 61 0.9862365048086511
200 299 71 0.17650409549970258
175 17 47 0.8958235740179926
33 287 104 0.010082183487464036
168 169 42 0.23042913029367462
96 26 91 0.2387355234963553
150 322 59 0.5367483364172004
139 226 52 0.11105324350134238
5 202 101 0.3142693206705177
46 164 97 0.5632496214540827
164 54 103 0.6029395193070235
