47 215 51 0.6971361328533838
45 359 33 0.2898771377057958
95 215 73 0.0032916451361274524
134 322 102 0.654891501801232
13 23 42 0.9505983661367394
170 187 33 0.5299376899685004
79 299 72 0.3540485874595345
56 269 39 0.9811587813043023
18 112 65 0.605871213898134
128 332 28 0.15744108536861579
126 152 52 0.8836928264148184
176 220 98 0.029068696900134028
144 58 51 0.09773102947358614
127 386 45 0.6124343261094903
185 343 23 0.9963288687479426
177 358 28 0.5159648996769043
0 21 46 0.6711694203828502
137 145 96 0.1919595316188092
143 82 89 0.3501686859565579
144 3 75 0.333673793923702
169 235 62 0.8449616934710882
12 303 47 0.41929563180517637
196 215 42 0.5581173200996127
199 151 53 0.7126784375022424
196 73 21 0.6047286719805327
166 300 59 0.7821163115169268
35 397 26 0.256779894511563
193 142 27 0.4139528753765873
