45 207 29 0.5175853063886752
85 338 78 0.03708215811761828
190 150 73 0.5604158561617703
31 149 62 0.4130158671862145
159 91 26 0.04323599802020284
143 358 104 0.6169072345586655
78 182 83 0.7849147143730422
13 19 30 0.28164805930303705
88 320 77 0.23989856910679408
162 306 52 0.6711429425988858
160 77 79 0.29468389053886834
172 68 31 0.28419060911823535
165 203 86 0.2964345070427149
110 33 74 0.601402268277143
155 395 88 0.5294001745022102
124 211 84 0.0014629376449027953
60 304 49 0.42019949373245347
185 78 50 0.3406718598085202
40 18 69 0.5058515413992644
37 375 36 0.7611439749524406
38 39 54 0.24750773068950416
134 33 39 0.35155196745695305
118 179 101 0.6779915440792558
158 259 29 0.34126151519883885
157 54 107 0.9502755131708905
120 121 67 0.45565922826123595
84 235 83 0.45940699189949286
24 87 48 0.674615654236188
