83 374 78 0.7465908824832422
45 372 77 0.7833529685957545
97 280 37 0.11213309821072803
56 327 99 0.14983401987517753
104 65 28 0.8121713419958375
50 54 60 0.8015012928428383
181 139 99 0.883739313912507
53 243 61 0.9179297080940094
110 95 98 0.5470157126427314
159 128 72 0.6539060884453988
194 398 45 0.948193721396783
48 179 35 0.47969544388183705
29 98 21 0.3416864103016568
87 77 102 0.9812228794466398
74 45 35 0.43990437857200104
132 172 27 0.1044856893510433
121 94 91 0.1969083515180421
196 354 34 0.11262756779588368
2 150 107 0.9355389166174632
182 371 37 0.3640708548893067
183 183 86 0.8213740499309631
113 87 81 0.7359187873300822
22 386 65 0.4102886257600571
185 21 88 0.5158490107062543
78 301 61 0.3202903711566081
