81 278 106 0.014724160920479235
86 110 72 0.993872156684217
180 107 67 0.9969662483214067
35 201 31 0.0377713709549542
39 250 58 0.4171811586642665
37 104 22 0.43417885041218185
60 187 72 0.5817288232866471
151 287 54 0.6070772437866077
25 216 22 0.8860091631654639
33 259 59 0.43159618095063024
41 345 42 0.791947555288945
16 109 108 0.4556236969011529
147 120 68 0.8496505421309535
92 353 26 0.14583246625057122
117 99 102 0.22479917972789343
168 261 79 0.5198490208957661
77 224 100 0.03729749843385899
108 67 102 0.8412409945066258
49 235 81 0.2758218715420885
58 187 45 0.3179895025262489
112 2 41 0.6939888847981573
54 176 87 0.7014489459063844
155 356 44 0.7822811498660096
152 279 39 0.9582967535274751
