26 243 108 0.19791600263340603
159 63 21 0.29304569572126327
56 24 57 0.8361086551450774
127 351 45 0.17334579878990242
3 180 44 0.7741060383547423
125 7 44 0.29840289821646016
138 193 37 0.4359222066286026
83 45 68 0.12934383849398157
176 62 31 0.4721994451977949
154 35 55 0.5077420644004812
174 206 43 0.09587563343096495
123 8 105 0.21148470356851956
138 322 67 0.36685516141415164
151 272 93 0.9588224880878468
179 286 101 0.3016245686664565
99 116 47 0.3364927708113896
181 127 53 0.6979797592857473
47 197 53 0.4105601468453609
181 172 103 0.34012355311019793
131 73 97 0.0534772966938275
118 239 21 0.47077520280358753
25 383 70 0.5523704259078631
14 40 24 0.3566872372303378
161 134 98 0.6660073408500436
175 26 82 0.8645595152723262
103 46 89 0.704538931017727
162 34 107 0.6175378099874923
119 330 98 0.011209114233193262
38 176 64 0.975691671799229
50 192 88 0.4846695601557951
30 346 76 0.6952019799123461
112 373 48 0.33487365552067183
182 276 39 0.3968315430139282
146 81 30 0.8425459936586742
10 194 51 0.41106047092913256
