55 178 83 0.7709113641983614
65 284 93 0.5484681679887004
120 357 36 0.6252798457753411
21 216 109 0.44947188361990753
68 400 56 0.42848303300086155
167 25 75 0.9364850941335993
51 397 63 0.0006157481874907722
88 42 91 0.81184421838452
79 137 80 0.15011385177144454
79 323 44 0.7693194390509049
34 364 82 0.40580082839469955
139 343 86 0.44474207930958887
34 15 43 0.7037549819229223
120 66 81 0.8836037528868522
141 327 95 0.3905602571379787
122 371 64 0.3271410132844269
167 338 85 0.011307598688979792
189 59 69 0.435455800150665
88 6 54 0.9620474813491529
193 349 49 0.47735239932254847
120 116 29 0.49697963733622685
122 351 63 0.007406206464829368
143 302 33 0.5554384790300653
57 354 69 0.031537799264529265
35 214 66 0.9507243199140518
140 352 24 0.9647979809268411
153 221 69 0.08974979391027449
38 161 86 0.43505382823377514
