68 323 28 0.8140754345107432
96 359 53 0.04237094535001118
82 379 26 0.7674043248593329
121 225 39 0.9362225932329938
42 105 89 0.983779435200879
118 345 22 0.12051312502232503
133 238 25 0.3061971728606031
8 296 56 0.9574183062925776
83 388 30 0.2997392552605611
170 385 71 0.4643878173269692
102 304 82 0.9063212136539001
161 295 66 0.228454836926698
168 120 62 0.5474455610615833
174 304 76 0.6902328055732336
70 388 31 0.32677831207822616
181 88 73 0.39847857644344664
82 170 90 0.9416343507947422
165 57 93 0.6757979503372166
143 6 47 0.1494207364087642
34 383 100 0.998304752495545
103 59 35 0.4741803186512724
123 150 27 0.8442936381389012
17 161 65 0.5432723561845589
31 273 108 0.37899540128755504
13 147 101 0.432390254571984
67 359 78 0.3361882505798961
188 44 35 0.5927668717667263
5 92 76 0.5411705113363238
175 314 26 0.41207999812658935
125 18 78 0.7355553620162452
139 377 37 0.5844130451311663
134 176 108 0.27597052544688117
95 88 84 0.28712294360677226
93 183 35 0.8296628157566042
54 131 29 0.8520390030023842
196 393 22 0.3948625637500296
8 158 98 0.5182262408526487
7 50 79 0.5325637811887524
55 268 37 0.43017192926006653
153 294 56 0.16145780963551215
