12 390 97 0.1007717891175951
115 349 92 0.6687696985813438
150 218 39 0.3058389847836557
4 55 66 0.5904067534747538
15 152 62 0.50034130514613
42 257 48 0.5674045741952956
22 70 102 0.17833120582492978
38 154 71 0.6678714144197042
95 206 97 0.4439916178959118
84 49 103 0.4486008264673347
131 107 100 0.9831544391163171
48 186 64 0.656623394983683
69 172 55 0.39044659506023993
20 356 25 0.8524860924012907
180 234 56 0.5516410565209938
114 193 105 0.5963780634661038
108 384 54 0.13876569730137445
144 188 36 0.8171698282342258
133 37 63 0.8786304672965671
24 168 100 0.58742320985694
46 147 37 0.6793800363913304
65 90 82 0.9552579686292467
0 123 100 0.7839167829390218
149 8 68 0.5760359740225615
144 215 40 0.2320683230699584
86 32 104 0.8698689536273789
63 97 106 0.06389353089223349
172 260 45 0.901472545924608
29 400 81 0.883424510372963
25 164 82 0.8958265862756158
62 20 58 0.7859335887231207
72 341 103 0.28055010815224735
73 376 49 0.43728953078264643
173 327 69 0.9530618058776655
166 236 60 0.9419264484892018
