107 115 49 0.4625629377251125
185 107 109 0.6050098459756045
93 61 42 0.7892447015393319
149 313 107 0.47559421228828114
31 72 32 0.786467021379137
38 167 32 0.8930163722263512
37 60 35 0.3598113711852785
166 55 88 0.2286823600810176
20 144 47 0.16430237712919027
135 65 28 0.699742248297841
165 231 54 0.6702625822421926
48 2 52 0.599252338235686
107 61 27 0.21555398436822493
77 105 21 0.7021731189674376
60 170 86 0.12786159993105306
91 124 101 0.4139093017719454
58 14 26 0.007722184323380565
46 368 70 0.28536307386589765
120 326 24 0.7212081132003563
15 32 31 0.8703546430190415
192 24 72 0.6421719406825637
47 317 89 0.12173470751111637
107 132 50 0.5291865503824054
114 110 67 0.8622178251901271
3 208 54 0.9906854706697221
10 169 72 0.0417569797571371
57 321 87 0.4492445880384378
44 225 108 0.3410273333722025
171 188 38 0.8355739434401078
195 148 89 0.39529631227055184
92 132 40 0.2234488483234155
100 177 27 0.5460360319896904
80 360 51 0.20133524493056731
196 140 85 0.4398148927315296
147 275 49 0.8197316070258508
29 74 42 0.14268072055002667
5 133 37 0.5916278035854846
