104 149 99 0.1860335263062337
8 162 23 0.8394064443058988
97 163 72 0.1955579049942755
18 76 38 0.3468570578829825
147 133 79 0.18901211438436527
17 286 75 0.047151678329425906
40 364 97 0.044016676200738236
196 389 49 0.6134932384509688
129 174 61 0.48286981131911033
15 25 84 0.43457737034953503
40 224 38 0.9586626068728239
169 106 40 0.005740130995552706
43 102 36 0.6038661371570918
127 7 79 0.8455280136218687
137 211 84 0.15724048408425872
138 214 29 0.6921938988741375
84 68 28 0.00411318692335505
168 102 76 0.22617085379105972
71 263 50 0.9513756546232098
44 58 46 0.38182747317893795
197 90 49 0.48119728777323767
52 12 22 0.6202191619006909
68 162 51 0.9909935021660118
90 190 55 0.5133180810520168
132 89 87 0.7977943735056375
116 5 58 0.567707062399304
164 333 88 0.4956486034462787
34 36 33 0.7769235847612893
113 103 70 0.8324363881797562
70 77 96 0.09974602522915865
192 153 109 0.0747179488412697
132 260 48 0.22219665401119826
147 252 84 0.8287270982888227
197 316 40 0.40050730744806184
155 344 69 0.9069703153387852
177 138 52 0.26899291562892325
183 187 50 0.5234418800238317
77 327 63 0.7235644240992952
135 330 27 0.9654640433486119
39 341 32 0.690539508286297
