90 356 45 0.0917216297606328
96 333 64 0.33739689267523476
97 154 35 0.02910026256352105
97 127 57 0.20457555092506963
71 20 82 0.8247692814389228
8 143 75 0.8123081445506464
149 292 47 0.4029890049538618
63 106 56 0.038995937957967186
78 380 24 0.8786590316954221
130 181 57 0.5527210418945288
108 187 94 0.5820851663684791
196 3 33 0.07452183026203829
133 51 63 0.5483588752258017
170 275 40 0.6022873626953947
164 211 50 0.6100844782462639
105 36 92 0.6179953286233439
81 241 72 0.8340822420275558
63 259 64 0.9552665232593982
134 33 29 0.04874783205410027
184 210 69 0.7677169230508407
103 176 83 0.842708985486222
122 154 73 0.7168461467317552
67 156 50 0.3536359984056494
58 24 51 0.16618761636043256
73 287 26 0.31007044722422206
42 242 67 0.06586983923762857
129 2 108 0.9517642684056602
139 110 69 0.8005355141264553
24 257 92 0.5615652157821055
120 129 37 0.5252818671563276
37 226 34 0.6257740615078404
153 65 69 0.8654828412844457
87 59 36 0.9501717674798991
28 274 88 0.9169210045162599
69 224 91 0.9260325079335328
116 26 80 0.8278832769466058
