171 121 106 0.7212995021680587
45 112 103 0.09499921598590277
100 15 55 0.872122507584258
35 395 46 0.6005764777808272
190 94 38 0.22287285116159838
69 100 68 0.693964254716645
134 60 62 0.36110092209191247
65 378 72 0.5529728262608229
48 259 78 0.7362422935650562
57 291 71 0.8686351827823634
186 229 103 0.5507450634865516
192 210 95 0.5638576233725008
158 296 91 0.4305521198891842
69 119 25 0.40317519714946237
66 135 76 0.15029646530938057
66 237 61 0.11200016572674776
155 61 64 0.16438712995558336
160 114 69 0.32768419498653056
169 63 31 0.1345137290562004
15 90 84 0.9219614928413743
157 342 82 0.5316375694395076
193 367 68 0.9430732476893177
116 9 67 0.5996192956754863
37 155 36 0.8441308460111143
199 170 22 0.8240978051318876
77 9 75 0.3185691710025964
32 132 99 0.7041108440612838
183 223 32 0.31387623142217214
167 318 106 0.8438033758886171
29 40 101 0.061917828335654956
