45 262 55 0.820465807425134
14 235 31 0.8317614874359226
108 380 29 0.997092613011748
92 390 58 0.875893925757342
10 228 95 0.2815440587764164
40 83 59 0.2045336997926155
25 399 66 0.5016070255069862
49 71 100 0.27145994109827964
105 71 23 0.22915381679830527
110 13 75 0.8017760155054529
84 183 77 0.7796322830272342
133 266 55 0.7724068873937833
190 326 67 0.12801623383827299
133 247 42 0.5347687378387141
74 166 61 0.07913600421278044
13 341 93 0.43694697767426893
37 110 35 0.5498180969011691
138 381 53 0.3343977905327946
31 18 90 0.49342996329435773
117 271 77 0.5500967598144796
91 365 38 0.08706083038814572
138 129 98 0.04484749380061981
128 56 106 0.8612204725298478
169 132 65 0.8979933388446704
168 355 62 0.9516872661846438
80 84 47 0.9350660052577318
106 221 41 0.51503134218819
166 266 38 0.8904926274414708
12 71 106 0.8998242635367613
30 295 60 0.46735331288546456
95 384 95 0.983175651502481
85 71 62 0.9232634384870998
87 3 82 0.2371471411169087
178 188 61 0.8231877552297189
115 75 106 0.006769620567950274
