110 281 51 0.6251833146813421
59 247 71 0.9239926635677002
142 363 48 0.7658482800736022
57 312 82 0.563497064473423
145 364 52 0.5870870069668499
83 286 35 0.2819864396509054
90 358 26 0.3261192114173742
184 13 28 0.3967896415746929
129 242 101 0.07924232135272691
139 103 108 0.9489783337849346
142 277 47 0.15628264892758936
101 3 95 0.6010707611526587
33 36 76 0.7259446972041688
115 130 75 0.8164049649695858
191 239 109 0.043877609420758135
173 156 104 0.44434187624070665
46 136 103 0.10783110037045851
194 17 71 0.8943277591337198
45 175 49 0.3550027534898508
153 387 45 0.4830472275701685
116 281 46 0.5323077507003883
137 394 88 0.779722395923095
97 125 89 0.8375854203373166
96 86 95 0.6253170644737338
33 34 29 0.9977294760279242
91 61 98 0.04627754065004841
153 169 101 0.33715513263327535
179 370 74 0.27383477883311236
115 203 35 0.5779843324611055
12 359 66 0.6925978749901016
13 294 48 0.1162657363199362
76 111 70 0.15551100984877653
71 364 71 0.5555902439646891
149 312 70 0.6085504813261338
101 351 85 0.2612987779417528
80 336 23 0.9991234552436735
168 164 48 0.8655466859557218
98 12 88 0.2618285183371821
78 24 85 0.18646688720076476
42 113 100 0.2868829977602009
99 268 27 0.6363295309118028
165 356 91 0.1938797208214177
