155 394 104 0.677862887185479
168 297 49 0.1722181553575498
155 164 76 0.22545236249775258
130 292 54 0.7554962168473431
172 385 69 0.6521544548577457
74 28 92 0.7467350478067013
0 62 31 0.9153823378181268
67 85 89 0.466422841595849
61 219 75 0.38009572262937763
71 318 59 0.6669767639636083
159 60 82 0.9200051286888655
181 126 87 0.3988344692036184
103 283 38 0.6104401858910128
180 160 68 0.9898997432067672
124 159 27 0.3375731541744861
113 190 26 0.7878499744728524
0 97 73 0.8632061898686304
190 64 56 0.27058043888952643
83 358 108 0.5575526845974821
57 33 64 0.32706586504861157
194 244 83 0.47436973791683024
143 393 71 0.1692228510242525
79 335 26 0.1246288909935116
193 69 82 0.610928118811878
112 134 46 0.5058297875910123
173 284 98 0.8795266685476882
198 218 53 0.004692379529361745
66 103 102 0.07166285386112325
