165 309 53 0.1795379259642027
196 135 37 0.7607295256777539
126 50 35 0.5537440273345062
191 246 78 0.008556817544822626
107 189 71 0.3174657537449799
21 317 43 0.6759128220729546
173 352 83 0.8593982919953136
185 305 90 0.09858865399112904
194 96 47 0.4727108967905145
178 261 52 0.7950514250636587
67 296 47 0.06320040075917399
130 212 79 0.8791280547599539
193 144 65 0.1710815986454416
89 355 29 0.0689167718451742
99 93 86 0.8461910904617598
9 82 46 0.42982413447517076
25 308 88 0.843604464383829
57 359 88 0.7521505890460977
51 153 67 0.22244424625367498
140 288 62 0.5090734156910888
116 356 39 0.8108427639335795
166 58 79 0.2527248228748826
137 191 106 0.38524405532941886
