149 211 100 0.6689463901439847
169 287 100 0.3303676488728482
15 342 41 0.48889704332860884
53 29 62 0.9884802048809934
165 313 30 0.33870940631530166
51 260 31 0.2256888664442882
17 54 48 0.6103368841856879
139 379 101 0.24975795883958185
164 386 89 0.15052607265070184
156 43 103 0.2450788973900756
52 46 95 0.9984635672075307
124 192 40 0.3079681649334609
59 276 108 0.7140402231875954
138 156 39 0.9989474143664302
37 190 85 0.4420664020063073
170 291 92 0.9539919236360539
69 173 23 0.24568721849433794
143 16 63 0.1407194867390814
153 201 107 0.8589670624908601
165 21 48 0.8923439583169303
164 79 75 0.0008665995960974726
124 290 29 0.65036275403286
