143 161 59 0.7588514736052557
145 262 55 0.7457086959163793
106 391 85 0.466434572366072
61 382 25 0.5322944474241057
160 213 68 0.9671830924542854
23 114 96 0.07294700353575678
73 324 60 0.13763728938817343
41 77 91 0.3687445148948074
47 118 65 0.6971691398841127
52 51 105 0.44958131025040116
1 55 64 0.49480763571127484
0 323 45 0.81695513017287
180 251 35 0.3226029612784481
86 51 57 0.7954916075896001
169 338 95 0.635662068978625
121 57 62 0.1856314222223946
84 129 32 0.6935942387778606
78 339 57 0.6565383926042488
41 341 72 0.3112445780080503
88 300 21 0.917095950825202
81 111 97 0.9317594404455406
127 160 48 0.9333599995175008
74 24 61 0.19132963710873008
104 83 54 0.3611286263483019
32 137 47 0.4259288442504279
123 242 80 0.35204676021477654
133 284 102 0.7507105847291808
49 124 46 0.9891153681204271
40 154 92 0.6580616850247692
57 181 65 0.9704968985077107
106 195 86 0.10704367528019976
165 106 97 0.36404000368232403
42 180 75 0.6135850314933436
