142 327 65 0.8836957552816346
6 91 88 0.6369596776779977
154 108 59 0.40089244663773294
125 347 70 0.8610150776514683
100 165 95 0.4195974888977666
76 92 72 0.9727380193364925
92 196 80 0.6263767342628626
194 31 98 0.07311508569681058
145 324 64 0.6011816748136785
150 203 96 0.8013002766057895
149 291 91 0.9225339652585182
105 339 38 0.27302628032875254
2 174 50 0.12429379544417551
22 234 24 0.7030322680220634
49 235 75 0.8219989832463406
5 240 47 0.2049529065613771
81 1 100 0.15929028134840495
65 341 97 0.4648241059915451
160 148 60 0.7284883877928527
194 282 89 0.1987797903057419
133 234 53 0.7391487056246172
186 182 27 0.9024323922450419
9 369 84 0.9830675677650448
68 235 75 0.5559316226763548
15 191 25 0.9401211010390913
124 286 50 0.2101017553363318
32 30 41 0.17120680664437882
103 126 109 0.7963402173140878
82 289 92 0.8917486724447841
2 210 33 0.9954058351345834
69 140 69 0.23073773889310012
157 212 105 0.4764904106405844
195 258 38 0.10122861565284713
