18 227 87 0.16060786223696855
83 273 82 0.502245134753108
103 258 106 0.8668565877884991
115 326 82 0.2158627207585414
9 394 71 0.16379010906957392
198 267 25 0.5165848421081838
77 319 27 0.02299062321405032
40 77 82 0.7949089413773055
134 326 86 0.03576147896860449
170 12 26 0.5023030767547876
33 115 38 0.49013710565657964
56 97 103 0.03492279773485507
198 288 90 0.7933341767045893
159 247 95 0.8186550659077076
97 336 92 0.4650903177727225
136 245 83 0.29628309962509103
160 301 52 0.26489444506226034
115 19 56 0.09652735434264192
64 370 25 0.1446088765113176
9 321 32 0.5597637715854145
189 318 105 0.9076775591694823
133 92 45 0.8623298365558714
194 264 81 0.171630269991367
