70 354 88 0.2981848847147279
7 362 99 0.6309080542457292
21 97 80 0.6663732383138764
131 284 72 0.38965975433437583
7 69 32 0.2902914494085138
113 111 86 0.22860348468074176
136 166 53 0.41102750023494505
143 142 97 0.5310983351392504
67 46 46 0.047458161249366304
106 317 87 0.18778290551436416
122 253 86 0.4873439693525907
123 348 23 0.6867664047248221
70 42 60 0.34114375309082023
187 187 56 0.12167444654951842
170 285 44 0.7302313446079503
13 81 88 0.47185597137030943
100 192 94 0.43787543740085255
59 206 78 0.6170316853809195
200 287 55 0.8103037852146979
122 278 38 0.2683652425467098
64 40 47 0.8448154498071542
69 244 73 0.97661448636219
192 336 35 0.7298534088462852
167 363 29 0.31976142660704
44 200 49 0.5138600630594365
194 57 100 0.13254327150961842
88 110 54 0.9193424037020923
1 170 37 0.856849050414954
87 39 81 0.8868479375668435
107 53 60 0.5983424277739773
63 229 24 0.9887390120774768
51 336 47 0.19337579855042675
39 300 106 0.8557019501882281
148 29 88 0.564859061559443
25 130 52 0.3570108728836272
132 173 37 0.17272414046577667
80 45 57 0.7226639295252568
129 214 48 0.7798000234799185
