92 325 74 0.6168501457293104
49 15 98 0.5903113945250735
118 90 21 0.8312955006032668
143 7 41 0.7229741541375632
49 184 92 0.30658720076034995
75 290 94 0.6992336483701032
47 142 35 0.49140708409834755
169 147 44 0.21673442277394828
136 213 73 0.35574156768666765
59 21 79 0.8157567798308785
114 396 35 0.051130091429763436
43 13 98 0.4050601506879761
130 274 95 0.6605048040347734
169 382 22 0.8069229434225124
17 381 44 0.4218042195621079
193 209 107 0.17532109145603691
93 270 25 0.7047424921922293
113 313 25 0.17170724842364005
82 177 26 0.3100869486734634
