69 25 106 0.11605978036506859
11 327 36 0.6105318449793379
91 384 64 0.012703435317141354
43 115 56 0.01232997719702622
4 97 42 0.43846103809148573
86 52 59 0.2954692621740832
127 27 73 0.8680913513588078
8 148 107 0.5337520788310666
12 208 63 0.543207799439376
145 257 32 0.5171816131941275
178 10 90 0.817543409600844
47 59 36 0.17040771848408154
72 314 56 0.6964922004992291
54 273 43 0.9964029988920935
117 340 109 0.4865939698172834
135 206 65 0.768589808055525
137 212 96 0.6067068831285183
31 116 42 0.49957879940062877
55 174 56 0.14780120896823234
191 191 75 0.37273393086298734
94 324 105 0.18256236526526926
92 222 89 0.42447176313427515
68 239 41 0.6531461346057287
74 135 21 0.7377841488590543
125 303 100 0.44322256851915287
25 162 43 0.4811254489588085
196 131 91 0.14760069113803442
7 361 103 0.03905739874339176
24 327 37 0.5450239168576034
