43 337 88 0.7895725181828189
146 189 23 0.432535483825116
37 153 61 0.1980502768300808
18 271 51 0.2368710774838345
160 183 103 0.6281293839482704
116 35 41 0.008322735060872
149 159 105 0.4032405621127849
157 9 75 0.6818096941992822
13 188 98 0.6635134316835889
138 19 23 0.13411244788313292
151 117 101 0.4725709561634557
156 382 105 0.9256607594760404
59 279 52 0.45077305276464297
50 39 32 0.11702518509889082
193 143 106 0.4030311708079143
161 113 68 0.09086550314454178
76 71 53 0.3050590861494439
59 78 105 0.149707570889141
161 12 71 0.21203482568449794
134 108 23 0.10665875951293902
183 272 39 0.25281891434835313
92 66 76 0.9585050405720034
61 211 58 0.2602344831742116
162 89 28 0.9392502179682382
62 308 62 0.7866371350036437
30 90 70 0.302502265093474
42 347 106 0.8121240630614338
104 132 29 0.07310868242771207
59 28 35 0.6403595519188061
93 286 36 0.7465395307224161
171 73 68 0.5900879271758317
198 91 105 0.9315443192405678
