40 61 63 0.9107693654783034
184 327 86 0.7793848740219764
146 297 49 0.10051728726164644
80 271 103 0.9226581584498276
151 41 97 0.7052611258737351
20 291 24 0.650587168759209
98 96 92 0.8192758745532951
135 340 95 0.40695388717368275
74 195 26 0.8629603160541601
134 102 80 0.049830171804578494
95 18 31 0.23951740820031397
96 8 46 0.5361928423730489
119 378 58 0.7230793682003932
130 246 24 0.10669766190359009
147 304 89 0.8988368097035967
127 144 28 0.994650810443644
169 294 35 0.1674684476461371
98 163 80 0.7087223178103789
160 252 26 0.4837942795597324
79 36 88 0.9715452124163246
191 215 36 0.9601125023158168
152 196 96 0.4771905562907285
88 291 71 0.25488494573843623
103 99 97 0.1125325775585313
176 252 61 0.7006222698118161
18 147 24 0.49072763103199857
68 333 63 0.3540994355265329
138 156 39 0.963088544054926
67 355 74 0.2006628859929167
149 83 29 0.4482224021182343
19 39 31 0.5277930963350141
57 255 78 0.06442767823142592
22 393 27 0.29492905274287884
33 105 63 0.9343983551120041
99 162 87 0.7013549632382798
67 324 81 0.1912436907756102
114 58 66 0.1889574845173203
