23 100 47 0.8178935331169345
25 201 45 0.8648434011487419
132 47 95 0.9847345908813416
90 251 99 0.26640851149232914
38 377 71 0.224610318623932
125 326 28 0.7095291925361407
188 328 97 0.2512881500181364
122 222 49 0.752776014015902
42 159 79 0.9404059330465325
19 239 78 0.07147620615948558
42 264 68 0.19758969312506436
17 35 70 0.8874484011472564
40 34 40 0.4334459213823193
176 212 69 0.03071206765181489
36 63 97 0.5302505419970205
191 244 34 0.48517171540239346
175 359 53 0.7506705372868293
77 221 52 0.5533983706463664
147 291 33 0.36477786308545446
65 151 90 0.3280652839516035
118 374 27 0.9943214302161042
143 381 42 0.10223852518444887
