93 209 105 0.7930470472412502
43 248 89 0.45736600499565894
39 343 86 0.9891132884229802
1 84 107 0.22615441045576434
23 364 86 0.7803750537617501
180 125 31 0.6796859892133108
9 206 55 0.3294742062642332
182 274 88 0.9721342008577416
185 370 97 0.7109982794809838
65 148 87 0.5290437804120408
142 320 41 0.7394508606103456
106 294 99 0.8452915928767785
142 380 45 0.4229157490400569
99 104 62 0.3168266536640624
21 73 35 0.6372310534301664
12 71 81 0.3091261804582287
187 51 87 0.877056393956432
93 359 96 0.028891725099037924
70 381 57 0.4137499453096477
107 288 107 0.35312214549696086
76 198 69 0.8743830498304664
182 195 45 0.5302495781883452
162 249 87 0.5206038628132972
167 69 58 0.7462557474808741
118 89 94 0.01997867633406447
124 112 62 0.9148473241656863
