167 383 35 0.25543598060073025
27 371 32 0.5401212180194539
196 54 90 0.28511518877733877
97 240 102 0.4322093982183849
50 365 72 0.9274433420038075
169 20 70 0.19244730235734153
0 341 23 0.013818472623704836
110 67 61 0.5147823922140174
194 140 37 0.795049606375549
175 77 86 0.688858466088946
182 33 56 0.6851258462112709
89 370 22 0.8382447505509374
5 120 21 0.5409583135980599
119 316 77 0.7597515146063429
174 385 88 0.37766065327203213
180 337 58 0.9258504025391406
102 124 39 0.5434590985901944
135 366 97 0.49434161051533343
148 264 89 0.23819859108166186
64 114 80 0.14074057122909867
19 10 29 0.11037903176391828
109 227 34 0.9642139473090681
156 231 37 0.5298626355210275
80 56 97 0.7439495040021905
6 56 56 0.7591657366937865
24 69 39 0.9050260425565737
