113 374 91 0.08210303867266233
88 260 107 0.26234795002157785
94 20 26 0.8801971945776444
61 292 92 0.07655026267586573
73 367 101 0.22544912279925333
101 159 86 0.5765110087215055
4 104 74 0.6594920716523718
46 159 67 0.6883720711272144
167 152 42 0.19970165775522064
163 156 95 0.6001888053714559
197 220 87 0.8659160095861833
60 242 37 0.4926357999405867
175 297 50 0.6843987248945744
14 313 104 0.3345387179889453
165 399 39 0.07900807543263466
128 11 109 0.1835715691238463
33 199 84 0.5303752847155467
131 384 32 0.8683244029821569
116 303 27 0.6729410540928178
153 2 70 0.9240793607238006
90 340 98 0.8385510955326152
183 241 49 0.62703530219723
91 10 71 0.9738307080600009
37 242 26 0.29298163740325367
76 72 73 0.13598597536957202
11 14 35 0.936975339548027
174 375 34 0.9918005128098036
112 139 39 0.6479333026618807
26 21 67 0.9007537652702321
27 101 36 0.6413035595075466
101 330 50 0.7335833060641055
92 122 75 0.5698273470858404
46 320 66 0.6278891207087843
150 251 68 0.672680985881725
