19 58 26 0.28265266168029934
77 304 51 0.26586990342569994
30 364 60 0.6935193536951509
60 336 55 0.3515397757651151
103 31 53 0.6383197260594133
106 364 93 0.6362786270983631
69 319 93 0.03580108214138433
111 133 24 0.4773922623173851
192 66 81 0.8540312231651567
64 203 25 0.7504634671216254
15 379 28 0.07721161435537671
32 198 96 0.3576695438321804
114 283 28 0.7775946672216588
73 238 73 0.34819921855074343
62 228 49 0.43842480126413996
93 172 68 0.9453468782776909
180 359 67 0.46920505939117174
43 133 61 0.15786596990960589
160 137 60 0.9450236626769138
30 359 57 0.6782701381119578
95 382 106 0.0437249224198375
15 252 81 0.5353549499023258
5 214 39 0.6757927799062226
153 203 94 0.11191161749017275
172 350 87 0.03264726750556579
139 247 60 0.5472542225455365
180 223 105 0.47835085154816925
189 177 87 0.35046902787361334
104 299 32 0.47455655243125827
171 45 60 0.8949453887985402
