123 60 45 0.8311370736400939
163 267 50 0.605030034865741
90 237 43 0.32780367789145937
78 66 67 0.28064576980211786
32 146 25 0.08797807314025752
147 179 32 0.8979273923188681
36 156 59 0.7952356841030304
43 13 63 0.21799315975607436
155 306 30 0.474941895628877
24 389 87 0.24148033657522994
120 268 30 0.20010498677528044
100 263 92 0.7331655977182817
65 63 56 0.5129165090716843
94 107 93 0.000978671041441448
57 211 51 0.4462531545502666
100 128 75 0.2910029400966524
128 224 93 0.5015074467693391
99 16 28 0.04091005792397573
161 204 49 0.8981608629618311
142 194 107 0.08766267562139973
38 195 45 0.919242742748082
68 124 91 0.28733126806444076
137 184 102 0.8622593122339053
103 25 78 0.5586588739664424
169 175 53 0.9236867033758852
152 246 28 0.74867795859586
32 313 53 0.20027711862075714
73 295 53 0.7474200461690055
34 17 84 0.8339090316608954
123 29 85 0.5857374028071127
50 174 34 0.5892932761415681
167 251 24 0.3634538304937325
147 13 71 0.5996683533073626
