114 274 44 0.08507976151050334
21 332 67 0.3373095253081122
30 180 62 0.769012163878357
24 41 84 0.4561711550540416
71 166 82 0.7176645762275858
132 135 93 0.9000480722075973
56 338 44 0.20621694752650543
15 287 50 0.30553877150395115
1 187 105 0.20091961222681987
107 188 47 0.4918368032377427
191 138 86 0.3771667505074753
61 115 22 0.1861657415656891
115 289 53 0.4915863102116712
195 322 95 0.7259295350301883
192 71 68 0.9007338695168372
59 306 38 0.20082700478415683
167 373 95 0.7564738768763322
107 387 72 0.5665026905729978
27 382 92 0.008244066922355686
184 7 95 0.12873887611342616
82 163 42 0.43972209897398595
172 232 43 0.7940497750995407
93 73 68 0.7428235976710114
152 4 81 0.642093303075937
54 14 65 0.7414880793018347
87 277 25 0.023823885742540796
134 195 21 0.2951346017533467
63 229 86 0.35377756954436324
11 57 86 0.09036362644935048
44 281 40 0.6851573731659103
1 369 89 0.970559440443256
66 75 66 0.266526593572326
131 379 41 0.15902489161319489
192 246 42 0.6013276641120758
48 253 95 0.2991606676261982
