46 353 37 0.8210721912769385
2 334 43 0.36907313277720266
95 277 100 0.7277442192755882
6 172 38 0.45030621927073455
100 188 38 0.3431888616582818
124 390 76 0.8459793652931384
2 88 75 0.6466376661587753
166 343 62 0.36964785335732897
104 379 54 0.4613262948761282
71 15 49 0.5005345480903913
161 14 53 0.41505157407536164
57 374 50 0.1136797260974225
184 138 39 0.46112979865302073
101 309 93 0.3798077542232756
109 59 69 0.8495253825535745
28 255 66 0.9363443752131888
14 373 67 0.047456678191870716
22 41 57 0.5472345823714868
150 172 27 0.5363578092867746
119 79 83 0.890058399502503
151 296 109 0.43412166175046263
18 88 68 0.6687640170659654
147 281 102 0.6158779045155642
23 106 30 0.7529896416593022
1 354 44 0.2563982416683944
143 303 28 0.253036397965412
70 226 103 0.4292803148212515
66 128 89 0.4553749732643303
87 105 96 0.6167189477011437
77 349 73 0.7239823528878094
