108 399 33 0.09090731378840655
13 261 103 0.16373911085748138
138 126 31 0.25643193193401603
171 44 27 0.23232103408904337
165 36 102 0.07839024212246515
35 250 106 0.6378258929571394
34 32 35 0.9054042667333667
99 356 103 0.7527807557432614
5 78 85 0.1990871911313331
178 222 29 0.5208131068426584
22 245 90 0.7561834357342074
7 247 80 0.3926843190124618
144 162 52 0.2881072299351565
124 359 42 0.9822790067789375
134 376 80 0.5972351668277285
152 157 42 0.7573817320889585
148 131 63 0.3197000542572359
30 36 82 0.39043425246063435
153 15 50 0.3803615704411307
3 105 41 0.25093631583181686
48 41 67 0.8005152848499998
143 371 51 0.5571347752567658
28 326 65 0.13853606316936684
100 78 21 0.5115933822477466
36 303 68 0.6465314944503128
99 324 71 0.06720698110675527
154 101 107 0.8522857086829101
71 222 79 0.293158621830245
