55 108 38 0.9284730661778664
54 356 74 0.010230401786748944
199 345 44 0.8278117390691977
132 143 54 0.9618633123626531
151 179 49 0.9329973149664275
146 64 22 0.027302457850498896
32 161 37 0.2280267285627412
156 12 21 0.6345608278866717
130 1 35 0.18629955293761835
161 348 43 0.8509062028252831
170 396 91 0.3820319735625539
47 122 47 0.14676153730613684
80 256 76 0.35233317095921357
144 212 83 0.43982796452466555
123 309 29 0.13950839107221003
85 302 87 0.6544617182535652
151 100 65 0.0038551657008042417
170 46 40 0.4369393051079494
175 343 23 0.3110678954901378
90 50 25 0.5696857575317851
14 176 82 0.8641101886598587
132 353 98 0.07806256202954165
91 21 73 0.8612303376984684
24 38 31 0.8534876774951495
129 74 55 0.3549109362393802
47 317 54 0.14761147432268984
143 286 91 0.5765433830212664
135 165 23 0.6979999776165908
