85 22 33 0.9295661668933323
147 193 28 0.32088557761699654
171 103 86 0.3129404554225681
102 387 42 0.015657312038281024
5 89 84 0.16021973057941674
98 336 46 0.17617072473207807
138 355 59 0.22498756100943762
81 22 43 0.7657863559341238
112 394 59 0.8777066753019314
188 77 99 0.5923560476058167
162 26 66 0.3350360734093565
153 141 60 0.2881631865679185
135 328 89 0.24018045063449123
189 336 46 0.691397465492065
94 311 27 0.1304539862965196
29 196 60 0.7319469527345692
30 51 89 0.9682483794938604
181 322 41 0.19389342394825082
23 388 87 0.9913511597507157
169 292 29 0.8572722083356622
76 95 85 0.47711954786687727
154 235 39 0.34549145283147065
68 289 27 0.28739570402668235
39 53 82 0.7317256719723181
107 370 84 0.19358859349687196
