86 400 60 0.7372500197694638
12 127 64 0.4776641384962105
35 303 25 0.29856602233732343
123 344 32 0.38736638537614
151 241 83 0.9875837449237096
151 238 77 0.7969196313626659
159 325 94 0.3798178143604153
181 176 36 0.2181559226146772
156 17 57 0.17046783922995645
180 370 58 0.05640869686993444
173 316 22 0.5850509556078505
120 196 71 0.373296538098281
133 102 60 0.6442140453079558
124 29 27 0.4598356262765241
7 331 57 0.16024577168111254
102 229 102 0.4000496700199426
2 289 63 0.04639792842610646
3 26 60 0.2583340023174684
30 23 61 0.11981124225494943
141 321 75 0.07818955679633321
181 249 89 0.5566321347265843
109 170 49 0.6735248166023593
75 367 100 0.5138893798767039
174 337 38 0.8244348649694082
167 109 31 0.0990106079557147
189 134 37 0.48806090434832927
101 282 104 0.26592158629246065
