173 358 80 0.8429308522856235
0 138 46 0.0009108738335658062
136 356 47 0.8178205593241648
165 189 106 0.2548206797766688
34 278 52 0.3730252808587028
107 202 25 0.18062079282415167
132 270 33 0.1391616798505615
69 389 75 0.9268650479395776
4 234 32 0.630037104914645
112 294 67 0.06894729757341422
68 323 57 0.7767398015770326
0 217 76 0.6472908306817398
18 170 69 0.2598780728130561
183 49 39 0.6488116033565484
183 17 68 0.5106900254707402
89 67 65 0.34142929603754335
173 338 53 0.9666394777902372
160 140 36 0.6273556478036117
167 172 104 0.5326321079967036
14 283 41 0.24606218584866502
143 310 104 0.934045432467403
23 373 25 0.05899258655462136
21 341 106 0.3536259619111446
195 74 29 0.011778650239504307
143 395 54 0.35350326680744293
24 312 72 0.4566912387417065
106 57 55 0.5618501075835683
170 60 78 0.02082731560500528
7 114 67 0.7332992774858809
63 180 96 0.4949232271860252
149 377 33 0.694994136682313
70 369 107 0.5683962400256091
