194 156 34 0.7097462572403735
99 84 67 0.32524736131068577
109 180 39 0.8117023155692262
32 297 34 0.7114816658886368
45 175 74 0.5026271385233365
76 274 60 0.02920262140493568
76 250 50 0.574404155047676
26 343 74 0.7129677280218288
152 61 72 0.30530360980201365
75 278 87 0.6484259828783121
166 120 70 0.6961596165668452
164 171 46 0.9075130303322146
87 5 76 0.16667076846182227
54 90 81 0.873863710925305
7 217 66 0.873076732418237
93 316 29 0.05901963850456271
76 96 91 0.2195745739576832
126 351 99 0.6207286362386497
44 47 83 0.2665001488493074
55 280 42 0.8648700941109977
22 56 63 0.5633489220763033
111 196 81 0.5140725222436436
153 138 109 0.6753362610845686
