164 269 36 0.769481954147884
23 262 62 0.351656602571116
130 183 79 0.9836488035709358
110 346 33 0.32161775277892113
83 154 31 0.07273489242260744
193 27 90 0.4032236088278821
86 244 54 0.5343749320677716
122 215 55 0.7873128684715258
38 237 76 0.40325915166237225
182 348 48 0.5913058617638353
134 385 51 0.832368163822991
153 128 53 0.6202416187296452
166 277 45 0.37890880563160423
24 171 65 0.294085365677603
98 289 95 0.40771632078626974
77 116 92 0.7156780576356601
14 275 81 0.9058470010653517
17 194 105 0.04041558254943722
114 381 59 0.20092917540819577
21 276 25 0.20588014649536457
46 83 37 0.658771295005154
69 151 63 0.5364284228125729
57 294 28 0.9031961577767527
132 269 102 0.5617074617971282
63 51 29 0.4252101730270943
110 178 47 0.1286084316294439
188 238 30 0.8143212042486225
92 174 87 0.29755544914356225
191 299 97 0.49076729426405474
184 254 106 0.10333614202202979
95 357 58 0.43850487495667456
174 181 39 0.33498114930439726
120 158 58 0.6957868836847245
152 197 104 0.7121049463223867
167 25 46 0.7292705191930993
