55 63 92 0.0512169271083357
161 27 42 0.09247532600458763
183 156 80 0.9637450185302388
48 18 41 0.7052423135651124
77 359 65 0.12288521667042074
146 187 71 0.7395245481968485
10 200 87 0.9353783825639019
87 3 92 0.3466958960398282
145 145 56 0.029209799657939017
75 159 71 0.5819374554301047
20 222 83 0.5011721573552753
86 394 92 0.4999814438601302
157 205 23 0.6099893205812082
143 225 76 0.19375743049700467
167 332 75 0.13231487916942952
119 143 100 0.6488601225150019
55 138 61 0.26903217580444294
130 111 21 0.9342665640177662
199 136 77 0.6952473013216101
140 112 96 0.5400797837770333
13 122 82 0.5391169011867476
36 331 22 0.07945975360064728
27 172 63 0.835929778977172
196 399 81 0.7725012987781251
101 147 38 0.37132015640169513
184 12 27 0.9025402436996911
81 349 106 0.33957852093328467
143 152 61 0.784880428560873
71 400 87 0.07321108486241268
123 205 59 0.18010543225392694
166 312 81 0.9335599205283536
73 81 75 0.6246403520143561
