53 354 33 0.5558079908048966
146 26 50 0.955269294667524
16 124 44 0.10591871987888701
40 222 40 0.48684819154457915
177 289 70 0.5761711244800808
172 354 55 0.2648763230618172
55 349 94 0.8582018545379826
93 259 46 0.6410489700563481
29 239 81 0.38655116402598233
12 241 39 0.08500009184279644
137 154 108 0.1764761290973733
29 124 106 0.28161804689628445
16 397 37 0.09223667826165571
153 9 76 0.08758143464646018
112 377 24 0.3362778870643478
134 108 51 0.9826659262164686
32 108 94 0.8319211238704805
23 152 95 0.7307743553833024
149 55 44 0.029701000064893956
30 328 104 0.13681933962198034
36 355 54 0.4387160116169776
103 245 59 0.8503688884059419
6 385 91 0.4674663954219217
74 160 60 0.33912302422764384
9 48 46 0.42337467455799904
187 305 29 0.3733818495282015
149 80 25 0.6815959619184812
22 167 68 0.8117320376884012
69 161 107 0.5503382133587362
44 321 71 0.18635299803348226
60 159 88 0.8018368208099586
181 214 85 0.5158252383584084
94 49 50 0.4258403918412389
