25 204 99 0.793459188908542
82 116 21 0.44883704709566397
161 109 21 0.44025939573057016
121 5 75 0.13034498172579534
116 39 104 0.15107182067524405
92 169 81 0.9370411468282476
97 100 57 0.21987106207207463
33 11 47 0.3252343225977735
76 229 83 0.9663048301701581
183 84 59 0.9579171449372735
131 271 23 0.6219832420727056
195 174 85 0.3809817591383696
143 19 77 0.15992038759644545
193 275 79 0.16419518096137342
29 62 81 0.68162590417451
178 252 74 0.2450384516263604
51 391 28 0.525675429492125
72 376 47 0.5526449873599188
62 188 90 0.23231890283961565
93 35 74 0.6577488143652009
105 371 61 0.7233896273675098
85 200 67 0.32235209437551016
114 295 86 0.818483373881561
54 16 109 0.07822729962006114
86 400 36 0.3391103068313682
98 248 107 0.507818097700675
142 371 45 0.19410523976406202
86 218 58 0.32762218299924284
