164 179 84 0.9505695758354493
111 52 108 0.13772230030850885
102 71 48 0.5806281741721792
151 332 55 0.9181938045247008
150 23 99 0.689308388970936
0 178 30 0.5246321347851578
185 19 71 0.5346902620956426
172 11 108 0.7928364585193918
88 232 21 0.4956043005519688
24 112 26 0.2508076835763797
167 2 55 0.26236789994248155
171 146 42 0.3092140438523888
75 90 96 0.4349114575693195
158 230 41 0.6496908662472926
0 330 74 0.4647476054628117
157 41 56 0.40999226815087264
63 227 86 0.35317961736354453
87 35 68 0.04564039229832084
89 7 31 0.4775227400894805
119 257 67 0.8030217396381624
93 155 80 0.7384194281615567
102 185 79 0.12297468982411186
51 379 64 0.021437934871426312
34 260 30 0.16010755764138807
138 126 82 0.47352153948100983
58 339 76 0.28919469352275506
123 377 21 0.8383156272117234
36 381 23 0.2160027868282478
