179 103 82 0.7561143735624567
160 17 83 0.6347610599440856
137 155 86 0.6667710693931859
115 344 90 0.5845323187777774
101 387 55 0.8874043953765656
17 202 93 0.28032181364441844
65 240 100 0.10655398535034466
171 131 106 0.9447017113624645
65 52 30 0.6477356033044117
93 377 101 0.43685305227943205
70 167 107 0.9271486977533967
4 384 71 0.21446459130270557
83 275 78 0.5510716102680112
64 94 47 0.27673807115835825
69 329 104 0.564207596571131
36 103 46 0.6583570357370448
42 205 36 0.19192772554296633
79 320 27 0.09329126606038907
5 82 33 0.06728893213657416
80 174 47 0.28588173465710465
58 117 33 0.6729977836623102
55 44 50 0.3889053196482575
21 81 45 0.2956264214626284
146 198 46 0.10923385370946925
0 247 74 0.2033584329355328
134 273 100 0.6102411163487789
182 292 101 0.957771422704451
7 203 41 0.7570570474935706
91 66 51 0.9564325006080456
172 182 33 0.6799156027656366
