50 79 77 0.09046314235142505
102 53 99 0.3972527312043218
196 25 66 0.6349916502197358
64 89 86 0.8733985718778041
193 225 90 0.33480754504237853
63 249 102 0.8462197569389361
104 199 45 0.8617101965909849
142 108 23 0.561066491592915
109 73 39 0.7983405702465672
194 337 84 0.34570281737211694
112 61 23 0.6284746760890643
82 165 96 0.741787404116145
51 129 31 0.04616812136764348
164 25 92 0.5608735988900475
106 298 32 0.2361215069191559
189 251 29 0.5734745096538952
50 147 79 0.3936874068429699
129 158 37 0.9481774027102617
186 156 99 0.7664861339284603
164 322 67 0.6491854510356452
1 202 22 0.04271643828008587
53 228 61 0.03286434358185941
91 374 88 0.5892593864254462
7 319 68 0.42138019048200237
191 266 95 0.9911691482107285
159 337 28 0.028675453920182337
195 243 47 0.9774876292842457
132 338 104 0.3308602101933634
122 270 96 0.8826665441809519
81 90 25 0.7434920922244536
157 151 105 0.6175936266023926
47 368 42 0.21749678398307015
193 306 75 0.8776297019912874
122 296 51 0.310432784683529
