114 368 34 0.7386503096402217
154 372 64 0.6631279529432467
176 196 83 0.9818915598004122
183 68 81 0.29531321498746155
26 333 80 0.9836282543894743
137 273 74 0.34040699170705413
32 334 79 0.5418115475518964
56 79 74 0.668531144954196
123 150 98 0.7320639897945279
164 195 43 0.2535093661770852
177 389 53 0.8743401368769876
80 368 106 0.15891862457485417
130 274 93 0.6435268245565142
46 395 60 0.17587135817529398
178 351 96 0.637314713473137
97 243 52 0.1404090096818147
41 337 38 0.7706385326990186
151 22 48 0.590757324935431
125 373 82 0.033812265168317035
95 124 59 0.04723076955003447
107 144 60 0.77626951923243
55 188 105 0.6848442656865519
2 269 100 0.6838101051495068
114 107 86 0.7024710184878166
94 27 53 0.6142843976793313
66 195 79 0.8756693506031578
140 267 48 0.6184770158970753
181 146 96 0.5140119871939912
82 27 108 0.5593573689563037
127 237 81 0.10773048663373874
145 294 60 0.5713406809368465
85 343 63 0.9489726498010298
180 126 75 0.1397246094946195
