133 200 37 0.43021938541233484
54 333 31 0.2789050274292857
40 88 55 0.5310857426051031
29 57 86 0.8337889901562319
158 252 84 0.4377522822330603
132 125 40 0.5526535504298035
53 392 46 0.5597880129644464
45 233 26 0.7114192063556571
105 52 90 0.4176970192400429
41 223 96 0.6750157151342122
171 68 89 0.37944689019738276
110 32 75 0.5050645655211412
194 71 32 0.7767254549926409
163 214 66 0.9901279728029995
106 178 104 0.16171858451678833
66 7 69 0.33968970811870103
7 42 82 0.0014640912238846893
76 97 80 0.7599180251180135
196 344 97 0.81886308058581
119 325 58 0.3250776242907151
184 159 61 0.5497004810872411
9 261 77 0.5541247850511128
157 389 66 0.5093727354620207
172 42 84 0.18574559627883547
171 26 60 0.38963386626275365
