124 42 36 0.49072575980713307
140 152 82 0.2437743942811974
42 326 86 0.2523537288659513
38 42 95 0.1754210999557716
194 24 56 0.4038553899160595
55 375 105 0.0195760394818707
187 374 26 0.43886674170582474
105 188 71 0.4762768028512161
166 43 64 0.952240369514729
190 297 23 0.3797438999878031
160 347 43 0.38173145201132963
132 172 45 0.22971706720802076
166 321 27 0.5529423966591807
90 62 84 0.3416340991057867
79 140 40 0.6830660319545149
189 378 91 0.5321659965394656
147 341 38 0.11318624515272402
115 343 42 0.894472247480634
72 214 69 0.3811618534625999
61 63 69 0.1508230337482206
