132 91 46 0.48673037950735865
143 98 51 0.4344585219951115
19 305 48 0.43320612324435315
179 6 70 0.32600900155177626
122 318 88 0.6887167977941153
181 219 22 0.1529491217304828
163 366 86 0.8631134905749782
167 122 21 0.05720192250535083
172 315 36 0.6821727043044568
142 203 100 0.4267402692828134
66 397 29 0.8203326996594048
141 225 103 0.09366300877032907
110 313 22 0.8180656542669649
186 223 51 0.4949776252612418
9 54 95 0.15361107251718675
192 374 35 0.7823714477016424
87 259 46 0.9212636662510261
70 377 21 0.3836704981852036
106 275 80 0.8320238503422132
108 245 35 0.8815038248787485
131 298 73 0.19025969039394985
118 4 69 0.639351647084165
98 300 98 0.5313845222471306
29 137 24 0.26745378531090536
171 2 86 0.5974396111100905
87 264 41 0.7549013417060297
27 243 58 0.318093287077588
