176 225 72 0.18546080830416012
29 301 108 0.5735492129268043
133 150 63 0.536124985462953
192 225 59 0.6241157321526885
112 304 27 0.05999571426874828
99 240 68 0.24434322676053877
1 351 27 0.9364600515457091
93 193 92 0.3101315152103604
2 49 64 0.622001888834129
114 386 63 0.47185014344251086
103 62 90 0.44467515666720125
2 372 107 0.8971363251371717
67 16 58 0.5715302628968236
159 193 31 0.42116552163685395
149 299 89 0.971928424863353
15 338 76 0.005471575676773366
140 167 106 0.39320890240509154
163 30 82 0.02498905711284094
75 301 94 0.36239762002021825
16 302 71 0.9839046898186408
129 319 90 0.5602421771016993
194 388 30 0.05776088723978878
13 12 36 0.5503834429046414
111 177 43 0.6273528067986135
8 269 64 0.9785154616110668
