119 388 75 0.7744306721193154
122 326 69 0.07043186560216563
194 281 69 0.7085175054053489
184 135 79 0.8224695042186503
181 152 33 0.6598854348807013
133 354 54 0.2898690783601755
176 156 104 0.9460651152896415
62 375 34 0.03818211577849173
25 348 48 0.09971881833642215
94 390 87 0.20264677374688433
192 294 46 0.5179301456010839
124 185 31 0.5142357496490599
196 316 77 0.5767037090687674
61 68 68 0.9248567148776617
98 49 39 0.9301113279226549
174 380 98 0.7358356897455429
153 198 84 0.08140060847959951
29 223 102 0.2257924690045502
189 152 97 0.14460950517223314
105 208 50 0.014950365548061062
190 376 76 0.9982503447889365
123 221 57 0.8681899402816682
106 196 49 0.7514389856958039
184 62 24 0.06390942677358358
182 304 71 0.6646139903844903
112 377 88 0.7642607114295604
128 69 64 0.8858750201691684
188 330 38 0.5042384571775462
71 191 35 0.4720221707145904
22 230 41 0.9160135432065768
