17 329 54 0.17510676440234296
6 252 92 0.24401954355131883
192 341 100 0.5433582754764392
103 270 30 0.4127474702974351
83 73 56 0.9808433945055334
170 31 106 0.6949129159888078
198 47 23 0.6587903194604213
50 25 103 0.53124761316381
41 314 50 0.5014156685873971
68 159 77 0.8300076617011858
161 384 22 0.3590913897897452
86 157 67 0.1524175766429937
123 28 49 0.8203134618874957
85 324 73 0.00551993743575574
89 192 91 0.8930107580326923
83 262 23 0.28586327054498484
29 348 86 0.8385161164633832
28 225 94 0.7066942804538575
111 52 24 0.6688440372797412
64 394 38 0.38496775637430225
178 102 108 0.9184182846630188
134 397 48 0.004012295125406462
3 7 92 0.1447647684541432
44 321 97 0.8902235023624115
190 308 84 0.8219511303989374
105 251 99 0.2996935516367991
55 221 65 0.620278520025505
55 126 100 0.014317774555634433
146 321 57 0.04607696154510976
45 316 54 0.8678143374862651
87 23 68 0.8811291181539628
31 303 51 0.5970415545633779
5 316 29 0.14453747570960462
113 282 55 0.604697611363978
146 135 56 0.6001643651762325
3 16 98 0.5010856535359364
