90 222 94 0.9829710043153732
65 71 39 0.7701670571774987
48 101 95 0.09119536428937736
29 230 54 0.24037468581446597
153 288 62 0.9549709308871056
178 60 98 0.9601176025358475
186 354 29 0.3193437196655019
161 398 67 0.4053947838880202
124 150 34 0.47020906655640504
168 167 56 0.0284136509525853
105 70 82 0.9967902201315987
56 19 46 0.9844051072195965
169 87 34 0.6616279752112826
179 89 40 0.872714045523884
147 41 98 0.4190584031411567
64 246 109 0.9987939399620092
165 352 108 0.4885671614265248
194 105 25 0.10578384549079156
50 40 35 0.9525384206636558
70 276 81 0.7836511531709917
119 23 44 0.5036307107221129
94 153 86 0.11136102649794088
94 14 43 0.6474523598322304
74 58 26 0.3614068552839733
90 128 41 0.12562439903834033
59 359 37 0.47472392389534
155 161 95 0.9585073988712055
160 88 54 0.2839437387009256
96 338 77 0.7658750435553145
48 32 31 0.937894395826845
82 308 89 0.4195600371593621
