112 171 48 0.9570481729574929
158 139 108 0.46552330520033125
139 261 54 0.26979966355586094
175 371 45 0.2659176662862873
47 372 63 0.8750638678966891
104 180 100 0.958008542503795
48 296 49 0.000606514105273348
187 91 59 0.7839107407149242
24 372 70 0.6083915142917343
163 272 51 0.6733653679966013
21 334 48 0.23793219213532257
109 144 65 0.5237621987449925
97 297 101 0.7989347348326006
171 125 90 0.5180093790125319
33 82 33 0.6516390992891996
195 243 93 0.4977808841142638
192 288 62 0.5352005079759504
35 365 75 0.36508360236240023
26 167 66 0.8167497652838089
141 88 89 0.4965714965103958
81 46 89 0.8826415420998704
71 361 72 0.4357524174872113
95 78 46 0.5019894238621065
