68 28 77 0.9701776239257641
118 222 44 0.4514658990089355
149 361 46 0.8151683838934665
159 163 71 0.13737350301011253
150 282 99 0.7807566997741812
196 128 51 0.049214245064542306
121 52 36 0.4004197502533593
87 36 43 0.3991243165501477
180 129 39 0.008120637422708521
188 82 22 0.2565181338592154
156 100 95 0.17570305259880437
137 321 93 0.21311547955622423
185 299 33 0.9129869363738937
106 92 99 0.4575584214184728
145 393 75 0.9507862468651812
62 194 52 0.8057142978174374
22 278 21 0.25903936026026997
33 354 43 0.9160621881374841
111 204 50 0.87083261469461
184 334 41 0.19037732995779
62 341 41 0.3684061238108919
84 87 59 0.4447196635112368
2 161 37 0.05747180854961731
195 273 107 0.6104352139520794
124 306 52 0.7196729113065777
121 82 99 0.620848017947024
110 138 32 0.874107067638027
144 390 22 0.2699073311504566
110 216 80 0.38832433367696373
200 285 45 0.237640742704477
69 292 43 0.28132417578367885
33 210 83 0.6526020469982382
52 330 85 0.8211305752594221
173 288 92 0.09656945707213604
113 72 69 0.9535977225892547
104 40 88 0.12934746641723438
