100 192 46 0.5034645467743062
143 116 42 0.4777164968331662
153 95 36 0.8523085715326018
71 169 43 0.03185166895556446
18 153 103 0.10546394480304322
9 318 81 0.5881239976326825
32 342 101 0.3031966528815837
141 81 33 0.02045167065798259
196 88 69 0.5583418246098403
180 381 49 0.9170671738246959
179 163 46 0.7098994238593431
134 184 60 0.9047828911920371
75 169 47 0.20614354878192298
165 272 35 0.9276088457115212
1 209 102 0.7425657555938718
165 55 37 0.7742390507144006
119 138 61 0.45583907503090937
95 234 49 0.5940527285290901
139 240 55 0.2851424658444427
152 200 109 0.6347594300813508
3 101 78 0.18821658219774973
145 382 27 0.3846931018021692
169 365 43 0.9630934702260014
3 288 29 0.817234087421384
5 248 77 0.01373191727249412
58 62 26 0.4687014752614832
145 151 30 0.20825634944235727
173 74 29 0.7893722483600123
37 84 64 0.2858045089661183
148 11 64 0.26679554087049073
10 77 55 0.124662881968436
167 69 84 0.8185095522933566
