96 340 86 0.4673051368829829
50 222 54 0.8476782184210632
0 384 72 0.8716846410299482
19 207 82 0.5823080891044782
25 175 40 0.6944698786504352
162 270 39 0.7089791693611782
186 297 66 0.5343628634672163
129 175 94 0.7477211765329808
149 372 38 0.2648568344420412
88 215 106 0.93247521807569
166 207 81 0.5881779079041658
132 247 95 0.7542807066707252
103 381 91 0.8677884159176233
6 344 104 0.22441550585307402
13 335 65 0.6858181649995098
168 321 107 0.34701426940320323
190 306 78 0.27018391927536567
96 391 92 0.5584107172466126
58 61 70 0.3968668848415803
3 169 26 0.012212991494969794
5 124 51 0.034378998704887254
89 290 61 0.07345186886074573
179 72 33 0.39622989039710654
131 32 102 0.7187444239091632
15 121 38 0.11197632248178702
192 36 44 0.9231591418069673
172 67 85 0.5251365688002406
68 304 29 0.6003424903269504
45 258 60 0.2681730821199
182 288 67 0.5837663991232707
26 179 38 0.45764901007104963
50 176 73 0.2529317017713798
11 288 82 0.3510407616776119
96 165 100 0.7697763959869863
