130 209 77 0.7833905824801366
194 308 40 0.2166715323931705
114 130 48 0.24684614321222453
188 197 57 0.4082734722105277
77 353 91 0.5612685095885277
55 235 40 0.777166854765049
8 367 52 0.02704664931905354
193 21 106 0.7581495959180972
61 140 48 0.4823428600638602
90 28 39 0.8569980852431073
34 33 70 0.9947704275857496
157 49 89 0.5111936462640273
65 146 49 0.12602734990366504
98 257 83 0.27175786754774656
102 28 67 0.04841548639295845
142 396 63 0.4409751619590968
181 145 64 0.35867939508739366
69 141 108 0.4436952979101968
15 49 74 0.7667664832258276
104 362 94 0.9832423460093467
161 160 57 0.7876289930205316
161 312 87 0.19527252184035293
12 278 69 0.6830402038059413
41 225 50 0.9409735072119687
159 46 88 0.6991863522920334
24 89 47 0.9126122518659474
40 246 21 0.5022001579755516
25 252 63 0.8437319563400769
185 371 47 0.41108872917379224
199 36 90 0.042510536618465156
164 58 29 0.11680447950835482
9 180 107 0.8128082717322347
83 158 83 0.13996958360106793
38 40 109 0.6368223046921512
196 283 23 0.8540666740237055
23 123 47 0.4525799155001512
53 129 91 0.9694831023658965
149 31 59 0.4797815766132628
60 71 79 0.6670773878371126
113 2 89 0.825002596394002
117 162 44 0.8858989905420248
199 347 38 0.6096436915452008
171 398 70 0.9477578802535257
