113 293 77 0.06311096229227009
142 190 29 0.12463033521335687
125 56 104 0.9893381142981479
142 327 98 0.7106487340955693
112 179 65 0.02897139850197139
64 327 35 0.8527166354960184
103 113 26 0.4876908818300364
42 208 56 0.5935133161849435
127 137 51 0.19978247269859206
109 36 26 0.6888341593797196
80 108 104 0.4347006150696804
199 220 95 0.34553764958926625
40 117 40 0.3622469437755733
142 257 28 0.614000957135909
150 156 33 0.3562138779028965
92 399 28 0.432076202576697
20 169 65 0.8932414065025629
27 112 56 0.6096398288379503
114 86 103 0.6274327347995138
24 177 102 0.9869222657277898
139 163 78 0.9367502606990393
8 295 64 0.6164123527868643
32 351 95 0.07418765394902516
2 67 78 0.9132264030207803
65 271 105 0.8965376679753528
49 385 61 0.8908294748535771
75 88 22 0.9602809156234289
56 179 51 0.8232315341746579
107 365 67 0.5975750556393788
197 70 34 0.7790424230969325
101 92 80 0.362135446016133
