140 280 88 0.4063445094977699
44 245 100 0.45463199160441914
91 7 75 0.8967132607614475
77 143 83 0.8998227889904428
126 55 50 0.7175569297156774
174 258 107 0.6004757931860173
39 151 88 0.2126625000665563
110 253 24 0.959853089282189
188 388 52 0.2914481054896867
47 166 90 0.8290741033384347
184 143 92 0.6061447590143076
89 160 41 0.8443185497803034
184 163 49 0.22013423216826833
60 152 46 0.897867739522461
98 345 81 0.39411662425204474
132 10 65 0.15631127433543457
154 167 33 0.2201069285286359
82 324 46 0.6687784696764206
164 67 68 0.098465570022925
125 305 47 0.6192025899623409
169 296 104 0.672788815301809
137 205 68 0.28755681019683355
191 208 55 0.8657038074922935
15 222 61 0.6584284569472033
23 227 41 0.4280733899528578
186 308 52 0.37636562453953526
