86 58 71 0.7936271738835702
181 207 72 0.40521673427119687
21 331 91 0.6962956691611732
46 317 21 0.3202754951800705
143 256 89 0.7544186708865509
62 145 96 0.0034683113781397434
118 336 96 0.45103585716467254
174 144 29 0.904348113868693
146 140 24 0.662110607484546
54 192 26 0.328791169480641
158 102 30 0.6508663600827116
169 305 53 0.804486999841492
164 4 27 0.0933277388439615
31 11 21 0.027562657776341815
74 164 68 0.9824262466014253
196 305 49 0.6851455439389342
154 343 90 0.03209957675841402
131 257 32 0.00857489904634956
106 153 40 0.05464550867356266
155 240 42 0.004751809684448105
113 218 95 0.4421268984466771
170 44 91 0.19750800846143213
178 386 54 0.37545164031034184
134 158 21 0.9337876386570917
146 62 52 0.8343075544383168
104 285 53 0.6690472730021044
48 329 53 0.9510347267110181
52 155 63 0.2848565395180259
185 1 80 0.9564797902345958
119 265 47 0.3294957605919626
