159 199 51 0.530313654666845
134 75 89 0.19016676084421336
42 82 62 0.04365467867497863
161 190 38 0.2317092273035396
172 300 37 0.9798211537044396
57 210 88 0.6045461389377903
149 304 71 0.22204879928949117
50 19 39 0.06317567981768579
190 399 81 0.4803511973069746
101 376 76 0.6002469564592805
61 83 106 0.4759667532235866
115 297 36 0.07765540973242846
37 57 34 0.6982443670065395
17 271 23 0.17406970273349998
197 6 32 0.5612160620832628
20 324 26 0.5568462301533644
19 313 100 0.1143312154958106
17 181 44 0.29801489424592154
6 57 88 0.6468178610576923
117 285 103 0.27649090543070476
56 49 106 0.29376648567026864
25 17 80 0.1141488187005919
142 135 49 0.3804875585740336
77 346 66 0.20334393883753654
162 299 96 0.924715968258701
44 376 29 0.9201436133950797
