139 318 30 0.3795468213834058
38 366 79 0.0009881099783145553
20 15 71 0.9813565846040964
5 17 105 0.5456043202476708
44 194 63 0.11643142914958271
172 175 107 0.4189566308408743
145 233 25 0.046580988699689074
184 159 41 0.48504624000726815
16 348 69 0.44391445711307054
198 109 109 0.6072895015994477
166 380 40 0.8774985762819142
20 202 98 0.09458503419767461
173 188 65 0.08235210569358875
32 333 35 0.48928024615529253
51 129 82 0.9873327479190894
189 11 75 0.39380097408017456
154 19 65 0.5139451039428038
11 85 52 0.9748349675493821
1 338 72 0.2942449846020142
