57 308 25 0.5007285649040975
172 381 69 0.8383297258231873
176 181 101 0.2710425473502923
63 25 24 0.3012050862536021
101 343 63 0.730784824977212
18 219 92 0.9640179068771157
3 379 69 0.5104496893162853
16 185 66 0.3855979761253907
97 61 32 0.8817459614905959
13 93 67 0.9657033406459586
40 167 39 0.7339383076589906
152 348 37 0.9096826226459819
42 165 102 0.9414018804636685
162 364 103 0.7957668330127857
64 79 34 0.2609777200095569
108 105 103 0.5037120367938149
26 116 68 0.5490161174487326
96 235 74 0.4967023473747765
150 302 30 0.8501740635696671
157 283 99 0.5083229823214721
61 154 38 0.5918600098600934
26 156 93 0.28147060540572455
137 125 101 0.7020673595931769
