170 119 72 0.8062724855676833
39 87 21 0.5390920973155667
143 243 23 0.43659246709429456
75 99 107 0.614778080628811
133 251 28 0.286862556666464
114 197 51 0.35266668306227067
197 15 106 0.05566076563511624
66 23 59 0.7121822421434796
22 271 47 0.4648646336189477
140 357 49 0.06621031192081661
199 118 81 0.7397479497416934
200 198 95 0.6766915438072372
50 398 101 0.6133042099542785
30 8 88 0.7025839612708338
127 68 65 0.5076085583005279
53 301 44 0.7673162322022365
165 125 25 0.0055312985550562965
18 118 74 0.5961571427146715
103 43 102 0.6749271810582801
151 161 63 0.6543298732728691
161 367 90 0.30430070057259295
72 98 34 0.18088522088510173
169 133 69 0.011555363561024268
0 354 58 0.7300547394027799
117 255 101 0.03070470870463249
105 312 49 0.6999306211689985
143 96 88 0.8399227641226014
88 92 83 0.48774535045501255
113 116 94 0.8768565722002707
21 282 23 0.25761131098494616
39 323 64 0.462928524714154
98 213 55 0.6238964938777948
102 182 72 0.3462564615610748
177 232 22 0.4314993993352906
