6 213 85 0.9625625542578724
158 184 94 0.03106366292697582
57 292 35 0.5225098362307663
123 363 67 0.3584557545588567
10 123 99 0.2807726447739747
75 96 24 0.6985021596927273
98 397 74 0.038128143220200195
173 150 96 0.5910742804540996
78 71 60 0.2056355895280081
2 198 63 0.7035927621675014
53 389 44 0.2079890075819253
186 347 40 0.8930210423567203
28 312 87 0.8097136801802632
9 45 95 0.08514647255538021
22 30 42 0.27942218874613
54 196 101 0.08033175151754812
33 322 72 0.8588049113422722
88 144 53 0.13508179430242284
87 383 70 0.44873994637386017
49 261 37 0.701239376855709
8 178 88 0.485833114710445
119 119 35 0.4268146382030872
140 6 78 0.5260661727019414
71 246 95 0.6076947396466839
198 233 46 0.8346608628500304
105 359 52 0.2757856841027605
175 129 29 0.18179210860375705
133 368 66 0.2777780101423082
107 20 49 0.8671705785843048
193 213 99 0.7347634981518543
29 53 25 0.9281429358671591
