123 33 82 0.3040986920360359
158 289 77 0.5189213880946989
160 316 70 0.11244151232807464
170 172 28 0.10148811204362251
97 226 29 0.05939946306178723
148 8 42 0.19481686471276394
92 345 43 0.5628655975101559
134 59 60 0.5531030124413174
158 25 95 0.7110410079785686
190 23 34 0.41418196175194977
196 83 97 0.7964217849708898
181 76 75 0.9197093258545251
147 307 49 0.39892584134966014
38 327 77 0.2905735117373014
88 228 59 0.38928086845608
95 269 50 0.4884888974791394
108 2 38 0.1432312248120483
61 179 60 0.8420961270242728
147 151 102 0.2818768827349415
123 372 23 0.9924816342429684
4 229 30 0.3028500861138702
71 180 104 0.9151824142807468
100 214 61 0.3658014269616172
4 241 47 0.8355144042823677
25 359 22 0.6210678890617615
30 165 64 0.3992229926271238
