109 116 23 0.5154404049566934
158 84 62 0.05705132590097606
117 181 84 0.4466458747036517
58 233 81 0.24846828044889757
60 362 101 0.16636110099770396
36 29 79 0.6996316570653479
92 326 35 0.8619686426087204
89 75 85 0.08448498203008259
92 240 102 0.5769351177070416
14 326 81 0.18234103904620746
81 220 51 0.1833385382932491
198 111 33 0.46059151434727974
199 38 28 0.8165659496343454
9 250 28 0.10550058473622648
92 334 98 0.6447084629285784
131 233 57 0.06572203460185155
173 166 95 0.5063845271194267
14 6 96 0.35033376741602973
84 72 54 0.44472576017791277
66 71 51 0.3990149618000376
193 321 34 0.40041011433786144
73 66 98 0.3843397401858961
51 390 102 0.7145410382921791
149 398 96 0.46924131145049885
6 243 21 0.005451219810186592
