71 23 104 0.834108155301995
39 393 83 0.024114660995094073
144 394 70 0.7593334180412464
102 136 89 0.5104290107237303
49 111 60 0.3715617249964709
26 79 26 0.6144330638865266
59 59 51 0.9400623048477411
53 247 86 0.9605523983647852
134 152 50 0.6278040254855171
75 160 107 0.2825753170863389
64 163 98 0.9212689161181953
21 2 106 0.2951409494510835
151 250 101 0.95594493632407
120 340 95 0.36059446962252517
68 221 40 0.2735597570956886
66 392 60 0.4057387663623111
9 105 34 0.8477979803262797
170 130 86 0.7027911375191355
113 95 86 0.48850735682085955
114 162 97 0.45784582983635735
131 357 32 0.7641192369565387
110 113 34 0.037395666712397246
177 187 23 0.9538312185028576
26 245 67 0.9215324387973347
183 179 31 0.779648839535303
187 51 63 0.33482652906858523
89 352 44 0.6598285420836275
121 184 95 0.9417334711736463
147 383 73 0.3987746546942944
84 224 84 0.5335210451107518
80 399 90 0.2590072275575197
135 252 97 0.3995475630123312
152 394 78 0.5685829153551062
117 213 76 0.4907875217751926
136 327 62 0.21764614118750625
69 395 60 0.4229193634635252
54 351 36 0.6028349813383611
67 206 39 0.3448694407357208
86 207 78 0.3954965735343441
