45 199 104 0.9867689906139019
163 317 83 0.16156010096770868
75 99 36 0.08757639816167606
144 141 59 0.05028954170215261
133 61 69 0.5029360495289458
137 340 64 0.11894984466119463
178 40 50 0.11515124842706381
182 340 41 0.40545668806690893
143 207 72 0.4570412000136189
7 81 80 0.2605562574020359
110 124 43 0.26534589575968315
52 286 46 0.2584729430663929
84 313 52 0.6167532119366477
23 92 106 0.44818507629325766
175 254 44 0.07687573627863387
113 152 53 0.9446610640514274
29 22 78 0.03438506106172867
131 229 75 0.5105228389612697
84 2 59 0.07751816076956564
15 239 67 0.024717119511754482
99 69 56 0.09885257283009474
96 161 108 0.08011191192697198
26 113 32 0.5248693910711881
54 274 40 0.6401355624639613
