162 186 108 0.9183258457863342
99 260 107 0.04130041393020778
177 347 24 0.15589025498226683
101 371 45 0.009416749843237926
109 90 31 0.22386476474146555
188 84 90 0.4664531214875286
104 134 73 0.23450133050418265
89 25 107 0.82492031880624
79 212 46 0.2912413520971088
60 256 79 0.7931214427906099
192 267 109 0.31898324538472744
122 386 75 0.8486472367176884
152 202 44 0.057253959198758086
149 235 79 0.5410512312156129
102 263 58 0.5825227862300386
109 224 48 0.6140689332882149
21 155 29 0.23850516841005465
133 150 53 0.41780068647669144
19 368 73 0.21262121619133512
132 163 82 0.08015181506308333
199 241 52 0.8996812192618096
88 154 42 0.4330423911886221
54 12 68 0.2066578554988191
55 322 109 0.21867164796869498
51 109 101 0.836412785391971
9 11 80 0.26103912942369856
61 368 76 0.027606550237695315
108 88 23 0.9986598102877368
124 30 90 0.1498498736370797
187 99 23 0.8619396866265562
26 14 25 0.14968198241939723
17 206 21 0.9771085881133522
95 209 31 0.8047894712826866
46 200 88 0.652138314219525
70 282 109 0.6178279103613304
41 161 94 0.8034977052234238
