79 346 28 0.5996111548460845
129 80 100 0.48424167543646945
153 86 82 0.8870002637586962
93 360 81 0.10173250230139996
2 269 53 0.4241780195781578
23 354 101 0.242016531155255
143 146 106 0.6134713574039334
42 392 79 0.031349109041510004
90 69 93 0.2969409402904236
150 71 71 0.7563479136466376
163 211 107 0.4990058417002916
143 71 36 0.10741573622558498
20 52 78 0.4522579180053632
181 23 57 0.9557103159495948
88 88 51 0.6624059580980289
124 142 22 0.18004677489987997
131 187 102 0.8162779087767089
78 275 63 0.41406452749443334
47 51 79 0.6230438163960855
172 214 22 0.11295410841686793
164 335 80 0.02668638466583817
84 358 77 0.9324919782569363
77 186 76 0.8894882429628213
44 315 62 0.32931317586278064
