9 139 42 0.5517253502523894
144 314 39 0.9008801501576258
101 143 74 0.9339370916361532
134 218 48 0.12170626127757844
121 336 30 0.43657701774860236
2 279 34 0.6002518483463303
138 308 76 0.42116803586339646
194 240 85 0.39122713101199025
146 204 101 0.47745481385975475
39 268 57 0.015750647280612484
158 148 97 0.6530348405939504
123 134 50 0.3048961952646555
52 173 54 0.0727456364191218
148 268 49 0.5553338612194771
125 226 32 0.43137949326141645
168 93 37 0.9792744894648183
135 291 96 0.4359217344789422
50 226 41 0.772840197796057
12 142 105 0.4466147759591832
172 192 48 0.5698221576979925
155 184 73 0.49327768377156045
153 109 71 0.9403243409034077
164 131 99 0.9700217590112685
17 95 108 0.7837499992719679
65 343 67 0.8012429701393072
169 389 50 0.9917772803962247
192 316 94 0.9902743209823656
149 33 47 0.15369665222386775
192 145 78 0.08192113558617786
144 217 36 0.2921024194305287
64 18 96 0.35326782771754106
82 255 46 0.6427456556211134
104 235 106 0.8103127034238147
144 395 107 0.22837267440686393
188 90 55 0.7426708950601398
47 123 44 0.2633390082214445
