5 371 95 0.7259870806542035
125 80 93 0.49222797826370224
76 165 36 0.2328863642695892
60 51 25 0.845192517839489
135 87 98 0.9630979483603566
170 204 34 0.14899204543986988
132 378 55 0.10556501748417235
78 370 76 0.5920694798628708
25 42 51 0.0627324404994265
21 69 108 0.6319276740561692
94 99 103 0.9908181841641541
135 390 37 0.12040748600029938
161 11 35 0.1726418064654528
113 352 93 0.43409060829705093
3 290 91 0.794676399144151
144 329 33 0.590637439327496
36 175 27 0.42569838890834766
164 174 28 0.2806431655217386
147 141 32 0.8743615031220083
95 69 96 0.21553768824294306
140 60 101 0.967331117930225
111 107 67 0.8218260041428392
5 63 35 0.4842745582601361
20 104 108 0.7100640888804117
171 119 103 0.43974178690041166
89 352 39 0.18390675752285823
