13 62 87 0.9477837244608931
59 311 107 0.6794831193524423
30 213 97 0.12286751452035372
53 179 84 0.10048060594200392
23 132 55 0.9342860822701206
158 287 45 0.4632513458552735
177 316 97 0.43781887798526875
0 186 69 0.09197624668865834
63 99 77 0.04520500542029049
97 179 25 0.9593875524659894
8 388 77 0.5389528377607253
85 200 88 0.4549035647949061
171 339 85 0.9325385439735951
35 310 96 0.10231502204134368
199 371 21 0.9283247736234057
146 228 78 0.47244017491118406
92 130 86 0.7815965476175102
105 63 91 0.8109447595589259
168 309 73 0.13929845125303242
124 300 36 0.29471165653884335
73 280 108 0.5621147961862996
188 32 89 0.3375368762375297
