13 32 96 0.39719112361779296
114 120 31 0.6760363586830932
126 339 98 0.4094480539408403
137 144 104 0.43717090219479693
180 188 52 0.1161893386540287
146 364 99 0.5709076485852334
136 226 27 0.23271113162294843
60 220 26 0.6157056061494995
123 285 98 0.6912000661969481
94 366 71 0.7036958933516406
73 134 90 0.30258921369341807
41 161 33 0.29264928272209845
128 19 93 0.025142605588254874
157 306 48 0.4455554710441002
194 216 26 0.34948184757240774
139 20 83 0.6143479517628784
75 25 45 0.26876271973893884
73 99 40 0.884556079619568
151 128 109 0.17295136057885774
45 113 52 0.9770861703429778
0 101 70 0.4977020796110736
83 41 60 0.953520912787149
122 258 109 0.44261103257907175
63 301 63 0.18475541906371873
53 289 30 0.7370831136694204
10 103 54 0.34284114862030335
16 72 107 0.022469037455019047
185 204 71 0.9429748084244778
166 201 76 0.2518116283213657
28 219 67 0.18189471226974396
36 204 44 0.06847624668582486
15 99 27 0.3920532660107616
171 105 59 0.24581010547747484
120 185 32 0.7234477088759481
177 190 26 0.4283596759026864
