31 12 85 0.6096204182006231
80 111 39 0.9332693757120166
53 115 74 0.5157090206806721
165 309 90 0.5396034469745495
135 344 73 0.6547513286739336
186 53 35 0.05602526709501954
137 60 104 0.6288187761486053
81 174 80 0.36663914122585983
194 342 98 0.27869341778284074
88 208 44 0.22840397338415241
176 366 31 0.7915901828838147
27 256 103 0.3538214612460746
52 251 82 0.007941972906841399
75 121 32 0.7870280922356842
97 54 91 0.6744107053644524
9 248 31 0.8296350583212311
93 292 30 0.2293572024906324
197 172 51 0.6260729169382931
28 222 78 0.8253191815913762
101 257 55 0.7750225017653962
72 71 80 0.18472054061950882
177 354 49 0.9142490740966283
45 207 57 0.1208280228060794
92 198 105 0.4303577371675872
98 119 24 0.9612286953772962
149 66 96 0.7900402342147563
165 54 54 0.20523568934646885
121 346 42 0.7013622484246638
54 133 25 0.2926019090836267
10 354 99 0.5050547080938542
199 266 96 0.13949254665353217
84 400 46 0.07610392813187317
168 212 58 0.8410713162780796
