17 245 51 0.19411015837035317
184 36 83 0.8767375711599988
192 11 51 0.009308432565363955
125 334 68 0.7509827127223674
167 267 68 0.6923639327373815
157 286 35 0.22607498799589054
158 211 41 0.38647616883504277
154 109 109 0.20155267812469957
120 169 74 0.7314726034702901
117 369 24 0.36794888063403
98 226 88 0.8740780028982305
164 338 88 0.07596293062369819
130 341 62 0.5603091016095125
107 316 71 0.011777905106491904
100 178 88 0.7575775473820714
125 19 106 0.6797491778788461
164 125 34 0.08433577061546804
183 379 64 0.019269388782616415
22 325 29 0.6532466597919956
55 194 25 0.537764200610644
31 324 98 0.2760246274536765
80 213 73 0.9412077394132534
172 221 42 0.7269496453856561
84 345 34 0.8463358855888085
139 182 101 0.7898303778249992
153 380 22 0.03318971752153277
178 154 109 0.9026482910866875
63 214 70 0.7058636441052595
113 321 24 0.24087117210634146
156 218 82 0.2999667670063304
16 17 36 0.871010119615467
195 151 23 0.43449563306714456
106 235 92 0.3681242092748701
1 160 69 0.8566649430277785
