92 203 29 0.8828209688518983
95 181 108 0.3023797946577145
33 69 33 0.6115101422904123
72 127 23 0.7069553025266684
160 365 67 0.6504741977713341
90 239 50 0.8568329812314622
150 352 87 0.8995861741904024
52 122 30 0.5832729931317315
100 86 21 0.20677146342562513
82 79 27 0.40431533349683124
86 70 61 0.4793187570379345
62 313 82 0.6343967134969262
141 388 67 0.695253717969661
23 232 54 0.9911391787662439
33 358 98 0.4607026319241513
143 20 21 0.29990293588121175
74 232 38 0.21183011449980227
40 21 84 0.48650281078381274
132 37 67 0.8563941770345717
106 348 40 0.9189408086864652
57 297 102 0.9408794669510302
22 369 62 0.10311450032896097
103 360 45 0.8185743901072983
157 56 26 0.3172738408355038
6 12 37 0.5387841879093979
7 75 107 0.2487784665563908
33 375 100 0.44555257541800086
81 21 35 0.7149745815444164
3 281 55 0.06616819778515826
97 382 109 0.9639712039185556
165 381 102 0.7315211339146336
