165 82 60 0.9204528023221734
15 356 82 0.6744367470484917
187 80 40 0.18349583915987078
139 157 66 0.37177530207186016
167 86 98 0.1824777715603505
73 132 82 0.8737486999106703
152 198 64 0.875643441818592
132 128 54 0.43901675837381104
150 277 89 0.10442504663943397
157 247 98 0.7714858443614171
18 339 24 0.40751614892356214
29 249 107 0.9140420490752217
191 343 64 0.11185003320524523
26 273 102 0.05723910958653711
120 280 93 0.6407603482446478
87 78 45 0.6911349272688602
163 319 41 0.17704321923760102
176 348 23 0.16209244430867253
71 34 23 0.24282525000334165
62 15 46 0.2559490082308413
179 204 59 0.7973599200840613
18 319 82 0.05442692113990533
100 373 37 0.6350983653474204
118 222 25 0.7874703985973847
197 77 31 0.9741114891865653
15 393 34 0.8605141300172355
65 353 44 0.14881816662598912
51 240 33 0.7112493995463175
149 250 51 0.4055572968815142
