169 29 65 0.31105460634931714
33 105 42 0.37528474803811507
134 369 86 0.700193585736363
60 184 22 0.6603547167266182
92 30 38 0.6128665479143675
23 23 92 0.22214237037069162
109 214 91 0.1344976020493217
40 114 103 0.9238624093295551
129 353 68 0.310832145194994
120 278 98 0.051989941165708986
40 329 50 0.9522483941507223
40 264 93 0.5556012634369492
101 115 27 0.37233988863642475
191 182 65 0.6975883188729757
198 125 40 0.5914661875878553
133 129 77 0.23197837062521875
69 124 22 0.29008170574818926
131 13 21 0.11402582469947187
2 60 52 0.8023833803326452
118 236 65 0.7057202715381522
9 224 82 0.19058949267586667
142 312 95 0.8674592766352103
111 265 72 0.39929411208320365
158 139 101 0.5854456928830211
33 352 34 0.8005075136805432
162 281 31 0.8155829673129918
178 56 69 0.621665403065208
45 209 30 0.13435804416512587
39 302 102 0.8010926828056956
32 10 21 0.8680632114856416
175 254 94 0.41939486606033605
8 259 93 0.08532852994859463
