55 241 31 0.025963821769029005
57 188 92 0.5810908581375133
193 21 76 0.8359920524388189
40 157 44 0.574447282273421
151 267 67 0.08017237104529795
179 177 55 0.4211095852489326
121 197 42 0.9032039485337938
98 177 24 0.850863722286359
198 178 50 0.33716712132699667
153 185 55 0.23156751044846302
48 231 23 0.12371416527679358
181 76 97 0.8325879922755287
0 378 26 0.8591964638175108
187 289 74 0.7981049414716899
110 278 24 0.36126084101988487
166 331 58 0.30489732588166985
50 85 107 0.32828184997984333
181 65 59 0.5824400423439046
161 25 58 0.7592509586928444
26 126 91 0.32458106960956623
43 147 33 0.5289549514067137
54 52 21 0.551731451177507
75 240 46 0.1388683201268217
