39 259 35 0.4471251979783508
164 74 72 0.6578660411526037
84 288 32 0.2182649363430148
95 63 32 0.9148647140364415
129 127 59 0.07538695518742744
189 272 30 0.3029574359456839
165 291 40 0.5196709960946952
191 139 76 0.8737246653353491
171 256 103 0.04430288069842436
144 131 93 0.5566423491082291
124 249 109 0.6196987776916941
29 283 53 0.6125758958474079
100 117 107 0.2091676099687938
192 104 35 0.04370923922811765
138 100 42 0.3060837560690294
27 320 34 0.2457583236374269
74 275 70 0.9232606411771107
176 170 63 0.39436090083077247
161 42 56 0.08733773429248404
