28 340 62 0.17818323513937373
196 105 46 0.15874205185629053
131 332 58 0.7098310673374824
43 258 101 0.5809379253019776
60 273 93 0.016320878547349427
6 318 100 0.06954390406850786
30 289 25 0.38790375139900557
97 185 103 0.8032690729554962
135 194 43 0.6284624900745371
99 5 56 0.8242211609541249
118 281 23 0.6116244619089303
6 160 23 0.9167560419687425
5 84 68 0.9511733277172114
128 118 86 0.3426547711716976
105 111 74 0.779809372378739
153 199 80 0.475767431509974
158 161 101 0.9126874308242071
59 108 34 0.6484594386081723
16 94 40 0.5717139195033444
63 286 49 0.0826549961875378
154 101 104 0.5022285516906987
198 265 55 0.8728343687377091
75 378 46 0.10846282500712134
20 47 68 0.760404222885228
36 330 68 0.8994414782866555
147 307 43 0.056339981505051706
