187 340 88 0.5247336909311259
136 110 75 0.8831038979225831
140 279 74 0.3588072429906488
183 323 49 0.6277564772289651
152 256 81 0.1990603358851677
150 160 101 0.02198019424461961
56 139 65 0.13052502517404996
129 393 54 0.3266707347692174
177 162 96 0.302024851402074
38 348 80 0.051415271275740304
8 126 31 0.2596783167403388
85 131 49 0.5796187498374847
15 341 63 0.9536740211625065
98 170 23 0.9797577004957854
62 241 40 0.9143234621922485
163 187 29 0.05352432946495311
77 26 65 0.6603691768665299
7 82 82 0.36780549190776957
83 76 76 0.027603078904537837
12 365 23 0.10954370228739763
158 164 91 0.149656906394388
88 126 95 0.5414484641249165
58 4 62 0.8615096757864803
41 333 50 0.8378642603737841
