107 351 46 0.33271099765121603
189 226 78 0.5575440307932257
18 170 84 0.18938638208530068
72 238 99 0.0017941715863075691
100 351 63 0.22531498653233117
177 189 76 0.9188036143607928
176 27 109 0.6208933569756526
151 104 55 0.39209979268773465
135 3 31 0.03961248946759477
41 223 85 0.25547977125425314
195 298 24 0.02908131755348964
132 283 102 0.6130980259995671
16 49 54 0.06586173961165864
156 181 59 0.6841325020034573
123 289 29 0.3549145491729657
59 94 21 0.008184372354777203
80 268 45 0.8859232611902348
195 136 73 0.1488908698853626
63 370 67 0.28680528616093137
121 66 42 0.4664786766109834
151 258 62 0.722878864068985
122 231 69 0.15301723364083986
34 153 91 0.39977084816116326
55 36 33 0.576195420986558
117 10 84 0.6719150809011416
2 111 46 0.5210810314767089
159 378 56 0.09170801329566303
21 326 92 0.044341783973725346
