171 203 31 0.23086107052582594
180 151 53 0.43243255539856174
128 329 91 0.5953005111744073
5 373 33 0.8128295301856422
36 367 30 0.2304554462287085
142 361 48 0.19639608422625843
191 294 73 0.9361180652292187
162 87 50 0.8870345325376023
10 175 50 0.7944041281824868
69 328 39 0.9397174501285911
22 98 75 0.10999710674862617
32 367 39 0.3559269033041068
83 234 91 0.8866974628152497
141 358 94 0.9769016262049744
114 283 70 0.3835193345968664
10 23 47 0.2525667752626831
115 80 104 0.2415113012101885
14 278 24 0.5115175155715977
25 201 54 0.1912031138860646
169 56 86 0.7617331829218065
170 392 88 0.7236459651352358
135 39 96 0.8259409531863646
179 193 33 0.2867561129382683
173 360 44 0.05470596584099252
111 257 51 0.18668116491850006
118 328 54 0.3110808722345211
193 274 71 0.6411408994566792
160 287 85 0.7608934922954347
52 221 52 0.1719692791111347
24 260 22 0.7406322711531632
