1 246 84 0.15686688199665055
190 189 27 0.8016618414937956
23 57 52 0.39966148527423495
96 220 76 0.39889654177275247
42 196 69 0.2225092173180837
111 216 88 0.4608800597743724
141 103 22 0.45967369653347223
4 124 50 0.704396826353516
189 57 65 0.4313457384404207
154 27 102 0.10062009241657843
57 130 72 0.7602747289271404
188 67 84 0.8739413997144705
3 310 61 0.4120459475137773
154 130 44 0.8129447306555507
52 12 24 0.33662648029189224
183 318 52 0.7232023683317423
100 270 49 0.06576076141122866
72 289 22 0.3555907723537216
21 187 53 0.0262742512976758
114 74 108 0.18312688962533585
26 146 85 0.4374437375898198
170 11 80 0.9776116290582971
189 123 41 0.623934334423344
49 171 29 0.8425148028297139
159 136 81 0.31056237706914114
32 136 72 0.6463514607565339
59 367 91 0.4228405549795694
20 347 80 0.4185584702242091
10 12 36 0.911265337750905
160 27 77 0.8193817100073455
158 336 39 0.8899136677805077
