102 51 50 0.6528298917227231
167 38 104 0.12531380861503472
82 3 101 0.0710329910600126
34 35 36 0.9718636680952367
195 113 22 0.6304542813705427
61 137 87 0.020446583382529027
82 16 109 0.1993610264549336
158 296 30 0.9369499465459482
36 263 29 0.8077415856210958
96 344 68 0.5975858523758592
52 394 70 0.2346004146972135
78 297 75 0.03235967328541012
144 72 80 0.6719797306098818
21 156 76 0.538163793196184
77 368 76 0.065311112175928
148 46 73 0.7406397260923027
31 246 76 0.41155165527919413
24 76 80 0.929938372605935
49 174 101 0.3385240344077838
43 400 85 0.9840155948465522
149 80 34 0.890786063277345
105 5 53 0.41104047924193665
107 393 25 0.31507356055529523
78 337 25 0.7341452099715733
118 25 23 0.7862514905472214
80 271 32 0.44490841151319993
200 252 21 0.37515044828485433
