137 285 76 0.8232519865158422
119 234 34 0.17128194727737656
9 175 49 0.3351653496896372
7 400 73 0.6295230020624436
6 154 88 0.42167388847059106
155 156 25 0.15532942495211932
42 181 99 0.38684063393753443
140 188 33 0.2684792065537007
15 352 87 0.016118788315802823
34 115 31 0.8035563879916556
20 120 23 0.0346587695035393
151 373 79 0.0613862926053933
32 162 43 0.40177321769835594
60 113 30 0.05672535855887717
186 343 76 0.3686187118422102
54 152 31 0.41181831430762794
84 125 106 0.24748307114255907
84 79 59 0.41318924491619513
153 304 87 0.43486479841908954
108 189 77 0.7539416949342621
200 8 78 0.03578331669474277
143 390 46 0.7017070402661092
49 336 107 0.5263885215543186
184 388 40 0.9461630817117263
178 271 57 0.7848288724519064
132 182 42 0.7543828439310764
65 289 71 0.16963675343722684
8 74 106 0.7477850845394657
35 359 73 0.4023819550574371
