106 335 42 0.3111813843159913
83 174 30 0.07198749490420364
134 224 44 0.5490213031863574
124 323 98 0.532581280225248
197 91 108 0.6487298970929639
24 326 41 0.5705319921820906
59 377 81 0.8980621841665142
142 95 86 0.8399745779434465
28 69 106 0.6439903759415451
187 123 53 0.03995608143150253
200 284 80 0.5615581565939965
20 201 54 0.7842833861878898
176 146 73 0.20445459145939793
91 309 45 0.3374889551480965
63 111 53 0.3883897330641167
156 114 27 0.15472020484497628
195 350 66 0.0964872888167273
86 103 88 0.06081392519154327
169 247 69 0.9875129109346845
20 339 76 0.398292775902105
147 330 62 0.3328341366679747
21 214 23 0.2272462203840161
69 129 87 0.4023166553687175
12 44 109 0.5624357598748241
153 15 49 0.18667917189708616
106 143 55 0.2519304699909315
130 372 102 0.47326372051311816
114 251 39 0.03551308437502154
169 44 39 0.7580329699676501
173 395 96 0.2332386150028355
75 3 49 0.4450871318483246
28 279 74 0.14009921308228535
136 123 60 0.30781139600061946
