190 196 38 0.4552371790144033
88 53 54 0.8502005429949507
186 188 80 0.07431708816992255
40 110 101 0.41811604924963197
191 180 45 0.27580287326590847
97 314 26 0.05058420717414669
101 96 108 0.2855690556545041
14 178 31 0.321113679652577
78 12 35 0.4887890956575085
102 52 61 0.7187201623920269
6 115 108 0.11124100454486086
62 151 96 0.5059566472965891
124 173 35 0.6287004490308871
45 2 22 0.5785948137880165
36 113 86 0.2917918834569724
153 242 103 0.8168118337899098
90 346 76 0.11527808213753821
14 121 74 0.6856020416600196
3 87 27 0.5984622017716883
193 262 85 0.1755854947905141
101 260 106 0.6883479016222039
152 200 36 0.6643875790065973
118 277 74 0.09591227692331028
191 356 28 0.41533988538955147
