60 372 42 0.1619417992722737
7 230 93 0.08192983095926243
75 179 77 0.15952362900555805
194 320 65 0.25031191632661465
187 192 47 0.08942084516611604
110 236 99 0.5580693963274335
178 352 48 0.3664137793415493
53 359 74 0.6328734245099797
84 152 84 0.2234071538888759
35 22 50 0.4612190678593865
156 69 29 0.5650389733575932
117 72 59 0.438507144661038
152 236 59 0.7069992782968944
111 91 38 0.17818079697976208
50 155 88 0.7676339261087767
140 97 65 0.5689192867717286
78 11 71 0.19615424232465994
128 80 59 0.1719239376220354
87 329 105 0.4955907595212081
68 317 36 0.4648405601774884
175 210 35 0.1437472850095255
196 287 64 0.8584260136662961
101 303 48 0.5840925065617496
57 328 50 0.7072556638900362
122 50 62 0.06556648133352683
126 186 47 0.1930025163439697
189 49 96 0.1404831114351136
29 87 98 0.08285871039198567
154 80 85 0.8487606597645262
147 27 87 0.03385952023365024
157 115 81 0.6493012017548481
43 147 97 0.5576808048273982
191 395 88 0.1652883869992784
127 323 83 0.4714733753556821
