173 226 22 0.8209802802296158
120 78 88 0.37305299652029567
90 295 71 0.4343043977333305
59 45 106 0.9359290967217267
17 15 60 0.6758690999282381
114 281 23 0.31333518300201013
138 140 78 0.4026443710750426
45 292 37 0.8217443777254032
113 393 32 0.8149338795845047
60 111 44 0.14801192255309914
197 326 87 0.8906024061320804
56 32 29 0.5597062773254452
159 139 70 0.17408514858513247
189 281 75 0.9583031990622827
61 341 75 0.8701871085087748
161 87 102 0.5338442699560243
11 130 72 0.8758349899565084
192 194 35 0.4984475983244312
26 182 89 0.808751059473673
36 37 100 0.25676763311745066
149 293 94 0.7560202517328185
85 284 106 0.6456811683097143
47 100 23 0.4702846986693461
157 278 72 0.47750533797915373
46 89 71 0.9891206675689208
152 251 86 0.2037805483277655
129 196 71 0.0197586147129879
166 49 76 0.5272183492950903
190 315 77 0.6434067146449537
14 207 47 0.4384247266876944
194 65 57 0.9384406647245921
46 133 83 0.9540516820695312
52 1 80 0.6172196042816971
