1 389 23 0.037747936739964794
110 231 45 0.29790024627067313
82 157 56 0.5304138584937377
89 387 55 0.16169235824038786
30 157 39 0.9821023748729973
68 61 40 0.37372921283291305
72 270 83 0.7983585373215375
60 2 36 0.597006966763066
45 196 71 0.33169567270030165
66 68 69 0.6659964883833543
102 44 97 0.030244631457495563
37 19 41 0.4716554760624717
126 207 65 0.040096577196222616
115 48 97 0.7400010022358651
181 223 97 0.9778424971156326
83 334 32 0.9470268043061912
139 30 22 0.47299501624532947
49 304 36 0.9236643302722948
178 17 88 0.43588085898149476
44 2 104 0.8192767234124806
174 116 55 0.09361383190700268
93 174 64 0.6920467441796586
66 273 57 0.44301038858503106
52 61 53 0.9267960159420677
180 286 88 0.9493741937170793
171 233 49 0.12526416447936828
127 224 101 0.17043669420191598
44 373 55 0.2526496759869332
59 231 43 0.9907395589296293
146 349 95 0.46041135936794053
158 360 26 0.7729664809298821
74 86 91 0.5152168796981517
182 327 33 0.722770284158337
