111 245 37 0.2500682494261207
123 210 88 0.09182383788761384
48 298 77 0.8864719232427559
186 69 33 0.17231238794983617
67 311 22 0.9980561821910622
82 329 92 0.07549177624202619
195 31 39 0.4255657465121001
46 80 60 0.49483865442349473
6 326 85 0.07237881701340232
199 118 89 0.13145124550971654
187 303 54 0.35538225608293883
51 131 28 0.9464287586781923
94 383 36 0.8340363508058012
141 166 55 0.6459236573452408
186 253 100 0.7333692836649806
100 351 52 0.8716033539880199
167 330 82 0.495513353797683
196 171 101 0.9565844220687308
29 361 88 0.28601363437368454
38 10 97 0.31937266737099135
174 388 39 0.7875647434088913
18 199 51 0.01948253998197269
184 246 33 0.3363065994529568
47 8 87 0.7837892234888942
160 139 71 0.4584966913432643
