165 232 68 0.9431641978348138
111 21 67 0.3569543357141899
129 249 86 0.7640765142417358
193 396 22 0.7194076929210951
40 28 67 0.4089868900809309
35 255 22 0.6879326541564771
160 111 49 0.7379998167840209
93 250 59 0.7603996225919368
9 297 49 0.638153098031176
150 142 44 0.3333187795311464
48 56 44 0.5211702903964194
29 84 71 0.9327507006131855
41 88 86 0.7392931552930575
63 64 67 0.14619392548208499
92 14 109 0.042706127351034406
4 208 31 0.8520685750265062
177 258 86 0.16058150487852219
158 329 71 0.4543534016649199
40 212 53 0.5871034530062057
65 382 78 0.9237234150167242
75 156 99 0.8784234924276852
14 201 89 0.4855107650371727
67 179 53 0.10534781466153509
15 349 28 0.7675667903228255
140 119 64 0.1623590924446694
3 348 108 0.3937905669424615
97 286 86 0.8776437289356042
46 149 83 0.2590089564229068
39 346 64 0.10549828856891963
72 253 102 0.649193015128088
173 175 76 0.9844561386546703
