109 172 58 0.7346345225585611
168 196 52 0.29377653004581217
80 332 71 0.6137038322365018
73 13 46 0.3570611970440215
121 369 99 0.9474879886078064
50 361 73 0.3778231194529571
88 226 75 0.4961561212992227
47 65 21 0.18851038644204887
1 2 100 0.7939283001475052
164 285 42 0.24366368684349005
70 121 51 0.5804102146733524
20 317 83 0.5305048170383966
17 21 38 0.5292690030721816
121 238 63 0.4590732055243172
95 203 86 0.8667385913010075
33 293 32 0.624894404018066
62 144 64 0.19738250990922146
3 13 80 0.5913124849318605
23 201 59 0.2767161571654879
183 48 87 0.375512648857532
78 143 39 0.35747110713697694
173 75 73 0.335787110694712
25 33 64 0.438629981892216
2 49 94 0.2100201009586734
191 86 90 0.01814481890154407
12 346 94 0.2900082406650609
138 215 109 0.3516812890402574
