116 379 28 0.807454821025469
178 278 43 0.403367003750732
71 324 56 0.2959043077325413
140 167 101 0.025922595601313603
172 124 109 0.20374140965425258
168 88 74 0.5224877165953351
38 108 53 0.5917186019173493
173 303 63 0.11029268985342744
135 178 104 0.9095904897509223
46 84 48 0.45791501419204683
176 293 28 0.5854784822890645
150 59 83 0.555809151532861
140 117 41 0.5008820330517848
52 21 22 0.7405730280503546
85 224 39 0.4496023347135386
33 95 96 0.005407244330102867
88 121 70 0.20398414677557286
33 283 75 0.8322066083112415
165 337 85 0.04694916380928771
97 232 65 0.3404735338437459
147 177 96 0.1807212201984697
128 394 90 0.8945646230256799
138 83 83 0.855896511977252
188 387 42 0.7685858612321137
161 186 104 0.37763268660511207
106 118 75 0.1990483519742925
189 396 99 0.02841679890522486
136 382 79 0.24985744826364575
179 339 33 0.4436076154081644
184 51 39 0.07500106514851312
129 212 42 0.8583874814577772
151 295 105 0.36508538956685954
154 354 43 0.7108410629407257
200 178 44 0.40278458528560424
18 267 43 0.598591025230176
142 9 87 0.33456660475622535
187 267 73 0.09795804672039399
96 112 87 0.31676435651165036
