126 211 104 0.476498906156932
168 271 48 0.8688702859904318
92 75 44 0.2338940287934822
183 81 90 0.9192356405799403
78 393 47 0.4594851070753726
37 39 48 0.48885224431133956
111 50 47 0.4595727525328437
30 202 86 0.09316978703660228
26 329 88 0.8877672163743588
142 273 44 0.00895334347361143
16 79 31 0.6582087210014606
50 359 56 0.6445550356087741
162 91 34 0.784582900352278
185 199 52 0.687264765453722
0 229 68 0.1950656098954897
197 209 88 0.9285163516703226
72 356 100 0.19441223258044127
10 265 79 0.095045121058971
59 25 35 0.46804896455023526
73 211 55 0.17814078601287553
119 252 35 0.25121290109382877
4 377 48 0.05232965089147379
24 135 69 0.6999678047931972
21 145 73 0.47444001811582603
131 368 83 0.34806046324494666
59 246 89 0.01992893978249377
17 397 21 0.37879202819923863
8 213 94 0.7084538755941552
98 125 107 0.18687327610803817
123 143 88 0.7975082402620575
