198 120 71 0.6679956432902093
169 270 67 0.24535305805508323
43 233 79 0.37415882956729574
48 245 60 0.3072033130196986
118 35 30 0.7202797648328755
98 171 104 0.8678872167946953
52 373 43 0.5577645409850887
129 382 46 0.6552052630556857
137 198 107 0.3894022809084353
34 24 90 0.3094234911932243
75 356 21 0.31847549089929217
78 296 104 0.3884474081471726
88 114 95 0.42470790574646455
166 371 66 0.8905180995873133
164 283 106 0.6235362520736307
9 219 52 0.21271008567016803
131 388 91 0.3527184935637895
47 30 98 0.417504076937522
124 331 63 0.3174500341009293
75 392 100 0.027351114879678562
57 310 24 0.47827642061796427
26 186 45 0.061503241397027786
182 235 27 0.7292494512809353
145 336 68 0.3112507234597337
130 270 30 0.569328191782443
117 183 67 0.5171471929309007
94 287 99 0.775015326839812
