181 395 64 0.18077376506030896
72 17 55 0.26154234592966696
188 399 27 0.40300679312699794
151 124 52 0.21005510898569202
138 133 32 0.2056189990895071
52 355 99 0.7622644763150574
184 179 78 0.36207899137495725
138 283 65 0.6428316685909664
160 371 76 0.6384586042738485
47 53 49 0.7905396023594838
110 279 99 0.13509043323174363
0 160 77 0.8591509415009977
4 125 77 0.8305613580163966
93 319 50 0.1943839357542556
41 177 89 0.8037485425631427
106 122 38 0.89326567563687
116 63 96 0.038942089533214874
69 105 65 0.42933621447655557
98 34 105 0.8458094663231905
35 370 55 0.6189577130407794
186 164 77 0.8097113659452515
24 364 41 0.38965353061173946
102 251 76 0.6622677898047225
26 122 41 0.07504948614862528
181 40 56 0.28541772003592436
51 185 56 0.19649276745137867
4 114 98 0.37381728477588405
176 316 93 0.47598111347274097
179 100 99 0.4029277204299272
102 261 27 0.8112902277996328
94 344 107 0.2626508342512578
121 160 72 0.791405178043299
34 250 48 0.760959470074669
99 164 45 0.3187143967175309
