191 189 51 0.27272067670830846
79 39 95 0.667430350925975
100 32 106 0.9863182117840341
151 225 80 0.35915216637542313
86 334 42 0.03239691314704407
110 66 95 0.7101373383406523
116 233 92 0.2506436244264837
164 270 105 0.13151450510240148
75 275 50 0.4336439794529775
185 112 87 0.8746856626333099
183 170 93 0.22190747172412661
155 293 22 0.4796580367037936
79 204 56 0.1475806663368867
102 46 36 0.02216984142748679
11 279 42 0.5119498769729075
190 42 86 0.6424195244407604
23 391 50 0.7942529630388595
172 290 49 0.6390482211162162
6 139 22 0.7190559136989836
111 290 28 0.9310687309975461
63 43 49 0.39049622712868437
44 396 25 0.9820203610555067
113 399 36 0.29411547341404576
36 68 36 0.5749910347726118
