198 330 77 0.5021776484409919
64 69 99 0.10974720270250737
154 270 104 0.3434631300525548
129 196 86 0.17184216587508294
51 310 24 0.23567891351066594
82 32 59 0.7812597368528971
34 394 44 0.028686260116492446
173 177 42 0.8715687952568338
66 255 94 0.13422213553620244
80 50 30 0.5322694060253248
137 265 85 0.7992952307141807
113 13 31 0.2325507957440388
105 326 81 0.24483228572079607
170 357 98 0.3409561417045617
164 379 91 0.9271423442305737
122 50 72 0.7400265467251752
200 366 75 0.7145962364748206
140 227 104 0.4607789205864691
43 254 92 0.05538032128229631
156 326 29 0.3206692781078474
80 214 45 0.5943901713500143
41 349 84 0.4661766933361766
87 36 37 0.34920377915958223
39 41 92 0.023609196728901938
62 3 85 0.5886239701990416
151 396 71 0.8792566266500674
155 263 73 0.10395525731789179
76 373 90 0.209897244955085
169 360 65 0.43569468106349163
2 341 55 0.10689146106801073
167 352 69 0.09560325245548529
122 6 52 0.7269502885542766
180 307 28 0.16421257004813017
133 233 56 0.7264175178271369
26 312 23 0.6654078239845709
