114 211 92 0.9351009456951693
15 90 58 0.6231645350483058
132 304 102 0.8479860549729192
106 163 96 0.5715449899073635
95 275 96 0.47939955956839564
105 167 100 0.6010023729889898
134 104 105 0.3680510893540918
158 123 107 0.7999213651835092
8 212 89 0.2521992476982806
118 20 55 0.041620338440681026
42 353 59 0.1053269748106117
186 241 53 0.8312211688138023
75 356 81 0.7968053406613482
134 127 41 0.7537717252978355
22 346 45 0.7597334922391225
67 217 98 0.9112308389846752
136 348 83 0.15037042726527383
159 81 92 0.13686091298352454
97 382 94 0.7196764611160839
133 328 92 0.883750952045494
170 280 90 0.7471991317962715
40 167 55 0.32112978592472985
169 302 40 0.49814335606734006
179 240 36 0.130845857907671
69 298 90 0.38646281039810737
153 353 47 0.7869102305329178
170 312 68 0.8885025284616634
97 41 27 0.5929824734968178
