88 370 108 0.8936677640191292
70 353 80 0.8887064058486466
197 23 109 0.7933475881413877
176 316 82 0.8941125191088419
166 371 107 0.5506321407523592
112 231 64 0.720796824734178
86 367 73 0.13490588003912973
41 279 58 0.7185411372811692
176 176 46 0.17595350409342236
173 369 64 0.7950435586444208
127 399 89 0.26770518310438585
150 116 37 0.4787761890407958
0 255 67 0.8606571880207131
90 182 33 0.16720996349018025
60 208 90 0.8600735659741539
98 261 59 0.5830108247085907
193 154 66 0.3009881257863999
52 365 38 0.8852190254585514
170 15 48 0.22171081618741606
108 238 43 0.6410002308576414
26 83 64 0.46037294005045515
152 241 52 0.10859435033822173
46 400 37 0.28018986712653005
93 44 66 0.9114571591663044
60 130 40 0.1317917864074687
145 199 48 0.5654433328706671
17 148 37 0.1649676030439774
171 280 39 0.3511016181153599
0 275 37 0.9659473560158508
155 180 32 0.920166373853651
134 19 70 0.6231477660581773
0 48 85 0.20954021613831908
28 270 104 0.5427683881718498
160 328 68 0.24671841785008108
187 380 95 0.9547712105531337
169 121 57 0.18160939158076939
84 284 37 0.4002599182895985
184 326 34 0.10694578234054486
