19 26 69 0.08218166360997825
97 90 63 0.15402575435687604
43 310 42 0.2124542501474479
140 163 79 0.0030422334616356794
141 11 73 0.7391009480759868
29 155 54 0.6629551891614199
16 224 100 0.6127765545308466
171 277 95 0.8791565573287853
198 168 36 0.624675927398964
47 107 22 0.9873069039445477
22 38 54 0.9136847984361587
50 98 27 0.22870518700185705
113 195 34 0.03795031581267283
35 266 59 0.8248252786125814
84 143 38 0.9602667473010454
182 319 76 0.0976474504644036
121 154 28 0.5001929979767389
15 170 78 0.995571408283413
145 171 55 0.267080872752977
58 261 28 0.1976098141289373
83 196 27 0.30366902864430156
40 129 55 0.2524341311291459
159 142 48 0.9507125179398388
102 55 100 0.5124924911881767
174 96 41 0.15402845091923778
141 65 96 0.6359110348321321
47 245 38 0.29843145149037087
