86 243 51 0.467292445644389
123 145 79 0.026699180532844924
56 392 72 0.3818949452123701
134 107 27 0.5110307199643853
53 114 21 0.9640648766188257
105 38 90 0.017957910093766127
168 284 71 0.6326878485941022
4 277 77 0.9104246141253911
62 12 22 0.18573748182142424
81 70 97 0.294083982402517
154 228 61 0.6014571489552494
94 271 51 0.4680078801658152
50 6 61 0.6757178510650548
196 226 70 0.8935248945047952
70 33 49 0.947019339907497
152 140 72 0.4254953066616687
167 131 67 0.3263895211971901
19 194 71 0.9016971736933531
38 189 74 0.9876197796778945
166 229 77 0.21450955183421627
157 56 95 0.2046996819446355
17 195 64 0.6976071992226189
130 83 30 0.34762460153811436
24 151 98 0.4208759322663125
185 308 103 0.23615079906972458
157 38 106 0.6506212741599802
67 392 60 0.8328376623385901
72 385 102 0.6395333045905438
117 201 38 0.21041913206834084
86 174 47 0.27988825811400386
42 197 104 0.7669470359407052
86 281 37 0.5047518025709294
20 335 80 0.5208439102873309
