76 72 99 0.4400606114067409
56 317 28 0.28434226651205396
185 387 72 0.2831566536838138
45 288 64 0.6221956002523038
179 333 47 0.9429526052244437
118 194 77 0.635895798437751
170 374 83 0.5223782845964455
101 90 49 0.8373130944663106
147 108 92 0.33527039923238866
30 310 83 0.04262359147740458
68 172 64 0.3256313548261395
169 273 74 0.3628134264785412
38 244 23 0.6818431778555986
143 289 103 0.7177418691767453
42 223 24 0.7153057898000298
2 197 67 0.2705187557045925
192 122 25 0.06796066025941583
147 24 48 0.888738961358891
192 193 34 0.9015115984841767
104 362 101 0.3617430952711008
37 351 26 0.48694145538903943
103 78 46 0.02107754284102359
10 147 51 0.8911494318947143
106 244 69 0.6586559187874917
3 180 30 0.28995177165498953
18 115 74 0.23054184266218636
153 343 58 0.3591714895537558
162 358 60 0.9711418826412886
64 258 54 0.47293200274910474
176 90 26 0.7408773147977273
10 225 70 0.7745856785310474
16 373 21 0.6298672252355192
