156 157 39 0.3961283828790131
20 140 32 0.7732755026765171
45 23 63 0.37966167030752285
51 46 37 0.6192145258998429
116 321 46 0.8010278875697394
191 353 96 0.633851992217187
166 300 30 0.46749873513052287
94 128 34 0.24635693234392653
125 10 78 0.8224922158745341
184 202 54 0.9773136798751597
78 122 52 0.35588619083189876
158 298 49 0.5514518396885156
16 397 21 0.19639339056289473
78 243 86 0.416286295469242
7 316 65 0.7292422707646685
4 267 53 0.5906938060271744
66 104 67 0.013659082122780553
86 320 107 0.2635358530558055
197 211 22 0.36908556154671635
46 305 39 0.9610828171731958
0 210 49 0.19035698021874847
71 182 54 0.03269497469400806
171 231 70 0.1329035713730703
176 237 95 0.2146166551162203
83 195 56 0.031268953396667354
69 128 109 0.09425819235539823
27 196 23 0.11560189996228276
71 316 63 0.3320755327513355
92 49 58 0.8069623013550483
110 346 50 0.6758018924515066
14 65 54 0.8562434469996946
41 211 59 0.47222402471287617
