158 365 74 0.5024349404133164
66 220 95 0.3448549613450531
59 76 76 0.5311104971722066
86 271 84 0.4354764019430465
124 282 107 0.6194360573967744
189 265 105 0.04879311613955006
64 58 70 0.45566094372179033
101 334 103 0.018667230897714493
125 377 98 0.2767594771393882
1 290 38 0.5457721512489614
177 227 105 0.38122891910380197
147 137 80 0.8509871529893166
200 354 35 0.2764451147704219
113 238 52 0.6688118259602447
38 106 27 0.8900746594064022
185 117 44 0.21793991948719182
31 213 52 0.8418179357470518
148 332 89 0.10464073795615803
129 23 42 0.5285661994928794
28 315 88 0.2967542155370365
32 39 67 0.4392143549114432
25 307 74 0.752759740774766
73 340 46 0.19598487714489743
84 36 37 0.8387528596002257
79 21 99 0.9141848111579126
178 11 61 0.5874276311998277
165 81 25 0.6407545496283615
106 225 22 0.040574108518171115
18 141 80 0.9393910045948356
75 29 64 0.06040913004775483
136 93 41 0.10374389773042247
92 19 61 0.2140604838936122
73 360 38 0.23143468962161795
160 241 96 0.9657382610543429
83 273 70 0.6253757854967008
68 210 74 0.07132784354643429
86 72 82 0.1877822427798318
57 152 88 0.6833667012605076
9 292 57 0.9490057836746446
84 222 45 0.16502710031927104
