96 162 28 0.07090165647182467
66 100 28 0.5086429402828827
124 262 61 0.9598568489092301
172 50 64 0.32476829068387836
111 249 92 0.24920414826623216
41 210 28 0.7100312312200304
71 226 106 0.5839313888014273
199 190 22 0.20707193192837692
5 163 71 0.17008324374868944
144 400 40 0.14383715815216536
159 255 99 0.705959307117043
196 98 72 0.43354490917313704
118 274 48 0.13114040682361816
180 342 94 0.22248099958929168
92 134 73 0.5037962564545704
151 213 57 0.4779831375432443
102 16 31 0.005913811474729691
158 92 42 0.20473997530508437
164 242 56 0.980700237099354
195 297 85 0.7156950752435511
26 313 80 0.8378147694324329
136 355 22 0.7614984906688538
64 177 84 0.30650097309494795
141 133 32 0.16990031338137768
169 333 95 0.21694786610268635
15 212 105 0.22255006114488796
110 342 38 0.837434637134905
26 291 108 0.8368126139651242
151 355 32 0.43454073779942515
112 68 33 0.4926568733681769
158 59 43 0.5520059638684233
130 256 33 0.6012421612351999
82 395 69 0.5970753299427235
92 22 63 0.8470313702308203
