120 242 109 0.5307009739499731
55 285 77 0.26255298994851395
179 70 36 0.9093175332548373
100 25 81 0.31693614241897583
159 300 62 0.9289047460237622
92 24 91 0.8449683281838228
79 18 107 0.9447492592933421
95 189 78 0.7035498910075519
78 393 86 0.48997700526503873
97 261 95 0.11078488767658401
93 59 86 0.5000068372311092
108 55 102 0.3840270898376501
138 392 43 0.47146949954035566
11 317 91 0.30165856056852713
28 319 90 0.04802629822140014
111 3 94 0.6265042037496555
123 331 100 0.0905555628266711
200 244 28 0.6492352201593437
82 70 52 0.935931694928107
157 44 85 0.15015251654790163
197 289 24 0.36091181945125383
18 299 93 0.3741427480562226
147 301 109 0.08141820135040656
19 192 31 0.6562627479457925
94 200 44 0.3503109184676272
128 37 37 0.430956274880242
77 298 36 0.7353942249227746
187 38 38 0.8121969869279885
194 57 98 0.9199960264504362
146 377 39 0.6201401706972198
77 117 99 0.33632695045075667
25 326 93 0.8313672409217039
62 145 38 0.9612190411197729
174 8 33 0.7598460125372737
