83 111 78 0.6622565583387089
77 104 32 0.5565538709945957
141 293 107 0.8638922551915669
23 354 95 0.13881252407366762
103 221 70 0.1183687257712297
154 122 50 0.38300372121276105
97 317 32 0.05904516370389579
36 225 78 0.9634707222477717
174 69 96 0.9653582829325178
65 40 88 0.6065239830281793
19 69 93 0.16713236478745608
78 233 83 0.5334050439698719
31 165 26 0.15181327174638237
11 208 102 0.508186490288073
105 373 31 0.7743444526142992
161 19 62 0.7779863150252807
39 373 79 0.3461714189177132
9 298 30 0.40619117499805
53 72 87 0.36480503921229535
82 111 104 0.9739447712213366
76 297 76 0.03161803906631577
148 369 27 0.11625175611046978
2 286 69 0.08136599225270136
60 149 102 0.02562867375634781
47 387 85 0.9814301426993399
55 134 65 0.5408019394139774
62 35 68 0.2550864563704922
175 149 105 0.45735170286577187
67 159 61 0.4064017295340677
139 225 80 0.6178210186041683
83 201 62 0.10801164998441337
176 358 62 0.9285387292715465
91 296 91 0.12447639629552743
168 123 46 0.7716540476376014
120 65 78 0.056805260317176476
168 296 52 0.1769571069633198
