114 304 24 0.7981632475155602
175 205 63 0.8044708440278442
125 23 106 0.07208854666320841
112 199 106 0.721256242475254
42 23 60 0.2029028555194483
94 205 58 0.9818201722389894
42 91 52 0.22877364547846957
138 271 72 0.5971661695752009
8 256 56 0.02897827267201747
47 276 70 0.286486595784036
36 72 98 0.2852208788080399
70 161 52 0.7420908623177607
47 74 75 0.6919817536055053
91 361 108 0.3536488616136916
196 248 35 0.09572376914460512
95 375 67 0.9178026699572345
191 141 106 0.7083151107703589
112 58 79 0.670336015181312
152 116 98 0.4712694850539232
199 154 37 0.051628686944262814
116 224 81 0.9005828320625925
2 150 57 0.41752839053158153
59 195 82 0.5619758597381691
170 107 87 0.775536996448158
35 151 23 0.6969717275442935
21 356 99 0.38578510543461075
106 283 52 0.2645260223437118
191 328 36 0.23428804799385372
197 39 37 0.16429125780297948
61 373 60 0.8988550418908778
159 239 22 0.2227703128278301
134 383 95 0.29739429243530835
