119 372 93 0.049228163570497196
191 284 106 0.18969899787758282
55 45 64 0.9467104864717122
56 370 105 0.46075303870831974
57 291 23 0.5714498596722531
150 250 77 0.7373239424205309
66 341 91 0.7175506836318762
88 243 86 0.8253665935314018
61 191 34 0.3546063601564696
175 28 57 0.0011455305951886263
168 208 46 0.2114224082995143
0 349 73 0.07559744706415139
134 344 46 0.0223315533811147
186 11 62 0.4916289367831095
149 82 81 0.0880672737822118
50 227 84 0.6873278445157088
29 229 96 0.9505191448425622
6 213 59 0.48124730405866645
88 196 50 0.9281167292774258
102 27 47 0.31179822441207816
198 121 61 0.6548911949003574
120 295 34 0.27123431857701186
98 22 28 0.4914394471008616
79 347 21 0.5825588316390079
172 88 64 0.03727298709231741
181 243 66 0.818331928993951
27 82 69 0.5564156295917561
192 274 32 0.35657461575399074
75 215 28 0.7964825982413043
179 60 30 0.02566172206921502
147 353 101 0.5583781270301315
101 53 22 0.7244304712956022
120 342 95 0.6685205066348329
161 337 92 0.23765928901486333
88 215 47 0.6799241284657692
34 198 24 0.5049181103419527
120 122 31 0.1309535902751161
14 376 79 0.147616771606224
106 176 102 0.24286192213070112
60 274 100 0.10171876956142079
115 305 86 0.8287729293899156
120 140 26 0.9835242345880164
