175 133 104 0.7036699615370656
110 359 86 0.054912625310520435
195 240 41 0.6386612683919257
22 303 54 0.5467143771224249
77 377 39 0.5891467206719012
120 211 67 0.7331909447601165
91 317 95 0.856980240341106
37 149 93 0.7367535546747452
140 335 98 0.6788833603141551
161 111 103 0.5785899784374581
27 355 30 0.6993321798199222
115 33 85 0.2890047756166555
155 186 24 0.24174433585872124
103 118 72 0.4087473432436266
80 249 91 0.9965153652536757
23 362 68 0.68446862721802
100 29 23 0.48314073696137694
191 279 80 0.264746890811824
5 15 57 0.1719324701562579
111 281 76 0.9591676613367258
11 281 61 0.2513458175654878
122 274 42 0.8365327388708914
26 208 106 0.9107624712418251
161 284 101 0.6429388526192595
29 324 22 0.15161000791776247
120 3 88 0.15936263529638528
140 206 48 0.11579057832815909
71 63 34 0.15881783072285294
109 38 54 0.7082351858839809
58 54 90 0.8486426917138142
63 123 58 0.7552319708110022
59 263 98 0.5412433784674165
94 305 24 0.863517042277037
86 162 22 0.40696757607855805
109 21 42 0.652922756525973
51 165 99 0.4253135718325005
34 12 51 0.3404195945082076
87 102 47 0.7258047431259939
169 369 82 0.8726690870369161
26 305 25 0.1936651675144584
11 354 33 0.014774367849718972
39 352 49 0.24591994441710296
71 152 78 0.4371250786380997
77 384 58 0.6106639754105249
190 109 22 0.6878322547102135
