15 102 80 0.2591528950451115
90 309 104 0.7631507104743139
32 351 80 0.19937332073398317
140 177 21 0.18117283398747086
106 382 43 0.446493795314281
13 107 53 0.13091628504206254
144 359 74 0.08708889186175495
165 392 37 0.22849508540436014
36 98 65 0.7635843885996609
72 33 99 0.3808443205271764
34 261 70 0.5845863049511317
121 81 77 0.9503230398329828
109 59 42 0.6850942354859237
34 134 104 0.7658327839250128
186 73 48 0.7994154390977954
8 255 32 0.7510897167059276
1 323 41 0.45390954557097263
2 112 29 0.04855922512429056
128 394 80 0.9990368305135882
44 92 31 0.4129404954801178
91 254 96 0.20415430385433597
143 169 85 0.3744314862927587
114 84 87 0.12095307668645672
175 218 30 0.9116205881777862
112 245 38 0.28015298942165856
149 348 35 0.08227504508644068
