193 92 80 0.5529488310482513
124 163 37 0.252379465861597
117 206 62 0.38059572610907555
71 151 24 0.9224490118151951
100 360 103 0.5406272226211934
183 50 75 0.7465587186197178
17 248 106 0.7040362109134511
135 26 102 0.2198713354839773
121 236 27 0.9315457141363854
53 315 44 0.2659940982747959
140 247 78 0.1062481934434214
23 255 53 0.05872687127819731
136 145 81 0.2150187725236834
157 382 27 0.1780182658478885
128 355 40 0.024301477487205014
49 24 99 0.737892004115289
143 329 104 0.4978802251122816
95 227 56 0.7679677511556958
183 204 25 0.9093003176350914
97 41 73 0.552515552260398
