172 135 83 0.7214448461044307
129 162 88 0.870451114736682
84 224 37 0.35077116023965416
45 135 62 0.3122141729981608
121 255 64 0.8573727976942415
45 400 28 0.7761541365778584
168 93 62 0.4325633338435302
188 220 74 0.4277122000390834
70 19 64 0.6332700211427421
179 346 73 0.22255761861684442
54 305 37 0.8882549048535779
197 59 107 0.5511596999325201
74 103 36 0.592930755255119
170 70 79 0.015164522707053818
92 214 66 0.5773435750369884
14 368 26 0.9988108613185337
143 20 22 0.19373050276726134
70 97 49 0.4849817299178699
83 286 78 0.07012767748479942
20 96 68 0.5450358302681915
95 281 56 0.8297060728734932
