105 129 93 0.3853572273904583
77 314 61 0.6211410300819055
21 236 75 0.6083799715917139
129 291 25 0.16365981516366168
199 13 105 0.7718898519069102
163 82 34 0.5566194886967495
42 164 24 0.4774997958346473
175 38 107 0.7336951968812346
155 223 39 0.123824140227067
177 312 42 0.9974340383349994
63 83 29 0.22305667401566465
20 31 80 0.2209793065382688
93 308 62 0.49255992208224897
109 8 29 0.42527227320320915
33 382 94 0.29036977450852197
5 44 63 0.7593816738998347
195 119 82 0.14898255624478185
184 93 58 0.4400238242795571
57 231 57 0.3047568932132708
24 241 60 0.08028701333724308
114 191 44 0.34900910237963545
98 346 87 0.4351005935456731
49 373 91 0.03893576342777194
46 29 88 0.29179420593197425
153 229 43 0.68138326676513
85 304 55 0.24036303690526228
178 109 42 0.609963675553103
94 306 102 0.5103991305704668
10 229 93 0.8617921058298931
24 55 32 0.739337571200849
75 95 92 0.3926132057655203
71 362 31 0.565552018304479
67 33 102 0.8657219862766972
135 205 90 0.001739262746148551
