49 32 29 0.40756047180253097
59 59 52 0.29668785599354186
117 238 102 0.8738818449714784
157 358 90 0.6758582377683936
25 367 55 0.9581840032344306
1 354 46 0.5062087395292135
28 335 58 0.9642935156783952
156 188 40 0.5572326895709862
164 310 70 0.010145568367851743
101 342 77 0.08833286527927064
147 27 106 0.7273741375012437
103 156 69 0.8619448621451266
61 34 95 0.5465016050087059
161 197 101 0.5984711673134934
200 46 64 0.4856007980744925
87 318 81 0.018166864727112264
150 32 83 0.5133552759787406
17 164 78 0.9398940534364416
17 222 75 0.9250523292051407
142 273 64 0.26180862720371656
148 57 85 0.22944743449602412
195 119 44 0.19153956080388534
182 1 105 0.24579697905872133
183 380 66 0.5595482965748578
143 175 75 0.08958359984227526
123 35 107 0.5876784453021552
10 13 87 0.6357046370670286
63 69 68 0.03310695332442892
138 47 89 0.8073098512503373
21 363 49 0.4407747433137785
157 94 74 0.9352960832286439
188 360 49 0.11921309797224144
194 243 109 0.3494174845538752
66 94 98 0.6673083423169717
