77 358 77 0.13689257220382933
153 95 94 0.9422228290174685
45 210 78 0.6375944551586373
177 75 70 0.1203332865597957
175 107 96 0.04330928965837033
137 303 76 0.30527596820286185
169 183 25 0.2495098203934295
178 163 43 0.07261689749443434
151 73 93 0.3215100743401591
8 8 97 0.8084462494761745
123 97 33 0.005637270487894863
185 375 89 0.4743640038878346
173 15 73 0.9488972116706071
0 393 32 0.7218187290568663
84 59 32 0.4084949396617845
57 357 38 0.3282930226544851
96 149 100 0.6468556691412826
92 362 31 0.2203439726281876
22 210 97 0.16644903347006434
46 239 36 0.6348618700202906
31 225 50 0.36644317170319585
118 94 106 0.7540320952712639
199 173 61 0.8938421277508307
120 179 98 0.24650388491292585
74 87 23 0.2985448712264862
187 270 54 0.5074455473178033
44 318 22 0.7933079906937749
174 293 108 0.7840535062971958
130 40 105 0.21668883010887607
11 155 82 0.6240471452321983
179 328 44 0.995230730724662
23 306 73 0.1651806122418501
