194 113 99 0.5094318612312622
159 53 60 0.7583488480813582
18 290 83 0.43009576100210045
110 113 65 0.38674436072906015
199 224 36 0.6535984619207076
31 10 64 0.7207502795446263
76 382 59 0.7713929593283269
22 337 50 0.3836398112349273
189 19 91 0.05207547241505672
155 6 102 0.7628537294516069
104 280 77 0.7577246589276868
69 215 55 0.29891016477409893
160 111 67 0.35896992712094933
155 95 39 0.7482293598399218
77 213 85 0.5607618611170854
123 264 37 0.6754204869499941
153 315 36 0.9152464288373188
148 254 73 0.598081169253278
180 357 71 0.27277307435337017
195 338 38 0.019572436446319674
163 389 23 0.13712030180594714
43 29 39 0.9288620763077834
136 15 72 0.24446029512576595
106 38 106 0.682150109730778
6 316 52 0.9203229099977986
55 5 84 0.05733267114825513
