77 259 40 0.3903403493695411
164 107 102 0.725894653868346
193 219 90 0.7077645445278276
1 357 71 0.07366770437970882
159 84 35 0.9790038379624335
170 12 37 0.39894197385746044
64 391 42 0.2674351706972622
142 332 103 0.9274132878764367
84 195 22 0.4502732154801036
158 386 40 0.025600033901736374
125 248 80 0.8435948697562111
50 103 57 0.5154849368952881
161 225 96 0.9782383751374345
184 24 84 0.63643889558892
168 184 51 0.8211765220057885
134 208 107 0.7008000543448469
49 88 96 0.6861719647830424
130 268 104 0.20253233652910052
126 307 40 0.7867532922425767
86 21 65 0.2917853989528658
167 382 62 0.3156859395328996
193 27 104 0.1484727498397984
126 280 47 0.9430081952780867
139 350 109 0.9862414571059998
171 142 56 0.6031970644764838
39 49 109 0.016486679290822592
119 305 35 0.11360654018519245
159 398 23 0.1846877767842432
89 315 62 0.7471469860358021
59 266 57 0.7068107753413676
29 189 35 0.3573751808612835
123 62 103 0.1291584782913875
58 118 60 0.1501865506671448
182 397 92 0.30942298465327744
149 26 83 0.2850624173578803
