131 379 103 0.9260693763448211
45 391 109 0.09491987120391576
175 316 94 0.9274682414284219
163 352 106 0.6167531205902925
117 69 30 0.24764096527212975
5 316 106 0.7186149176953165
80 374 72 0.6048609234861432
68 284 78 0.2556015005552814
17 400 49 0.0006811558308390531
107 144 88 0.7121567580849533
81 222 99 0.1891120403479133
117 269 73 0.764657439261908
18 103 68 0.6331986571876415
148 75 85 0.5238809295052131
138 124 58 0.8460795438956159
142 383 36 0.04099423438506755
190 342 77 0.9590084082500709
3 52 23 0.70285361063034
192 326 73 0.377422191152072
105 345 35 0.6547397992738557
81 144 60 0.42282878001900515
176 236 82 0.9678842973723717
198 294 50 0.014378195664043303
103 310 58 0.23562397067652763
132 380 84 0.14973207080294393
110 124 49 0.19792744802982265
