143 270 104 0.1110920322740726
149 360 45 0.37927023142865024
185 161 54 0.14070311178970285
142 386 105 0.1962193173714062
127 325 89 0.4757840376293957
145 274 32 0.8388685105374938
156 214 40 0.058408748519048315
33 69 85 0.8681817383674788
135 329 36 0.7645261111476606
184 264 103 0.3539452959063156
65 325 62 0.7173679697329465
1 342 79 0.848370979665981
52 255 74 0.8148922700432332
23 324 27 0.7569094861236382
1 233 94 0.7006408537896078
142 145 43 0.3073940035817879
124 148 66 0.37263420493255706
86 349 46 0.001685078869840817
117 73 48 0.8557293578221647
90 224 66 0.8393213552880899
151 108 105 0.5809521375722984
76 264 81 0.04440942758081867
30 148 65 0.5152669304683534
