139 11 88 0.9331297863579133
53 103 39 0.31190459317095487
173 10 47 0.309920051663661
147 323 100 0.5231014183697179
53 244 40 0.9050762803216887
35 131 108 0.2923280211347282
138 98 59 0.2782271817738692
155 347 32 0.24026393433615134
27 340 108 0.47161798536360633
194 170 68 0.005505144908051873
53 178 68 0.2070820616007405
55 118 40 0.17430912103488805
129 83 62 0.3061587817630512
101 214 84 0.15003147074697454
36 195 106 0.7254285249080566
37 272 90 0.5568458124033429
24 7 31 0.688131592260334
7 372 77 0.8607048646821697
127 207 28 0.8218138530877328
106 318 106 0.7473031840803844
64 294 60 0.4296343265394066
137 347 57 0.5831804100118109
68 147 90 0.9895223208336745
