126 184 37 0.7484724927807199
66 17 35 0.1076949685423525
125 236 68 0.3951772662734514
7 77 48 0.9483493013227561
147 355 79 0.49377071163913
116 368 84 0.21018334891536394
158 10 51 0.6074724809545395
58 43 81 0.7504453404157734
149 279 82 0.9869471586587624
88 249 71 0.7340092114819796
62 128 105 0.35281590603238633
35 325 68 0.7526312259076087
145 170 61 0.41554359481820924
80 241 75 0.30494744636811855
63 167 65 0.271760303955465
145 219 86 0.6388975856837477
84 393 53 0.26838460586060064
54 345 98 0.2430538930516497
92 273 91 0.8830458454703881
59 40 100 0.004060320913035653
101 280 30 0.41500516211162464
179 227 66 0.3523919913748519
134 293 58 0.09024613036933526
64 265 72 0.9430288901051963
58 257 60 0.33209188202259887
178 68 37 0.40972389360351835
146 131 101 0.4744362961673436
31 254 86 0.9553409211341788
