46 85 33 0.20945681753969414
178 153 70 0.6634056312518307
144 117 88 0.7484737756161581
200 121 66 0.8715544956124983
145 248 109 0.9787075754749891
151 354 100 0.7534524751883549
51 319 81 0.1201939132707599
178 80 79 0.32676183642618706
118 352 34 0.7253357919283081
124 292 55 0.5859176588134414
196 40 33 0.16235448160899324
178 340 100 0.2026963543496053
17 162 65 0.6151736044185224
132 304 35 0.2773928467007294
4 119 94 0.3918580868400058
15 392 77 0.9628844403109666
146 91 85 0.2633635432257627
119 215 100 0.9834786363491796
39 29 25 0.9300366393179027
64 161 64 0.2689317087026608
5 136 64 0.23699971742101722
67 339 84 0.780948898419946
92 248 38 0.885608864779335
81 119 50 0.05142104508697676
87 254 66 0.31332044623658295
159 289 90 0.09207007701938641
186 181 98 0.4443309549242871
111 75 35 0.24122157376635378
113 325 101 0.2209490041315435
42 297 38 0.005738739316619501
