119 378 39 0.7608795144321374
171 69 32 0.7187038729408511
90 277 86 0.6978600264169237
178 308 100 0.4386952924276405
158 79 25 0.7667498151885896
62 296 97 0.42603426112776466
177 35 69 0.7396813942323466
3 271 33 0.06216799204073553
167 173 89 0.432293075307835
47 286 90 0.6786738028156077
26 277 71 0.15316318781404303
196 191 103 0.4869415260795821
95 31 25 0.3553110945144474
104 341 69 0.5763581785121819
24 350 39 0.9849528571473811
127 357 94 0.4804325544149415
81 174 95 0.9392756544574111
27 224 92 0.23655964586144285
140 280 50 0.3224373538639813
158 26 69 0.8395009869562312
86 87 44 0.7585003148211752
36 177 43 0.38651082363674794
147 284 30 0.5159461112146265
76 179 75 0.7968622237260684
22 187 44 0.8545419035740104
3 336 68 0.14302936177828618
91 149 91 0.9251024068616946
131 189 25 0.318967700166208
81 146 109 0.2470279649408743
67 164 76 0.38325321793518474
