12 296 100 0.32099103452450184
108 380 40 0.9847916310004393
140 335 70 0.2942727994672387
57 35 49 0.4282589760359068
10 291 21 0.5084317298136606
97 378 49 0.30002579432403087
56 280 41 0.07380163871155787
139 276 30 0.7793673109611434
117 287 102 0.7526373506094771
4 196 37 0.20059884090088453
89 197 62 0.2803324144272742
139 340 80 0.38406705852203393
187 229 102 0.4933286845379291
18 142 54 0.7111900714597934
69 338 51 0.6786909734192713
89 250 58 0.30233714331736794
161 111 83 0.8014924716949752
6 199 46 0.8030329238304766
50 50 61 0.6849556832269799
110 6 74 0.3418687429476497
34 80 25 0.15952181471434534
126 382 54 0.14157219588456815
52 97 57 0.5926431169640095
89 59 47 0.7154692055330079
38 302 72 0.8869831147247231
76 310 28 0.04026001400450119
