71 178 49 0.589291064936816
11 149 74 0.29528575444969984
87 389 65 0.43502263123861196
144 215 39 0.21684940787161588
46 381 44 0.19903772495786942
27 333 91 0.5516092220918758
137 262 26 0.2705260845668006
156 351 104 0.8612420433877939
144 97 26 0.7120339511425512
0 91 52 0.6691999775425497
191 206 100 0.7901832605585336
107 227 25 0.2704255806728397
48 257 90 0.8380990977157777
25 185 96 0.8276314273848422
55 162 83 0.7665079533519189
100 139 91 0.7691296328465306
193 148 49 0.6082426919149748
180 281 101 0.031243601049512848
2 389 85 0.26525644721294417
162 166 95 0.24936595598560918
148 309 72 0.7658779710953832
177 343 56 0.7589593326192394
174 239 74 0.1988412557211433
104 256 96 0.9998996686515559
88 138 89 0.13954680966663113
162 56 78 0.23636457542903366
190 39 61 0.4663078133796551
78 106 29 0.950994976396023
21 246 101 0.17485419438121863
147 31 64 0.42879233732479094
162 112 68 0.03347434298980101
107 22 71 0.6126331299949105
31 192 53 0.32890810429504913
66 331 45 0.414274565707185
