159 399 34 0.973869541319851
174 137 61 0.8913231971727137
32 230 75 0.37726250956685403
171 51 45 0.6639309189749014
128 160 99 0.17764509864646139
200 148 97 0.7925558159719384
139 35 75 0.5541047838677792
102 392 87 0.9243324373232022
184 61 22 0.3025851458511294
171 320 43 0.1313264078912687
165 379 87 0.34100105298999794
96 24 60 0.7902189687728272
74 192 43 0.0722120140208049
63 361 79 0.30801229182123
107 122 68 0.03405917268453862
74 14 27 0.8436773290173629
89 332 81 0.026952112352700563
122 192 39 0.3837407953532316
128 304 96 0.31521028425364106
136 52 34 0.5389895347229754
100 36 66 0.7606623769314107
8 82 40 0.45143589760693537
80 141 52 0.7923646991539165
75 137 107 0.7503355147213666
131 152 73 0.8447477135382055
73 295 50 0.04761999682738749
186 5 65 0.4853119117498822
136 115 48 0.36900762774043894
166 199 68 0.8189766487333004
32 198 91 0.28065933213701855
6 173 69 0.8925688244454945
29 279 73 0.4051651396017185
184 33 35 0.27974159567532586
