57 351 78 0.5832313944949233
12 199 33 0.8776597513517391
131 231 56 0.27920999081115294
67 333 44 0.26101916876900666
120 294 69 0.6253875036385722
192 21 85 0.5716721359096445
30 64 78 0.438133585188228
123 330 81 0.9399017900455201
49 107 93 0.9519115618569326
190 46 104 0.23550020505071378
162 158 92 0.06998164746180979
136 396 41 0.7576304238587219
168 84 85 0.036646171309986375
110 384 83 0.5914137124477576
161 100 58 0.7642964617433767
40 269 86 0.3480155356148835
153 271 42 0.14457059938500216
8 227 98 0.027259692556199422
60 58 97 0.35447750093837715
47 222 36 0.19553823046433427
143 380 26 0.4945287407270553
194 303 68 0.5883906565577903
90 250 37 0.5559951791906227
60 398 41 0.8174788889767759
140 259 93 0.3683807410842136
20 269 43 0.7425841488507446
86 215 29 0.3890127649128484
57 241 104 0.3803764512696983
185 169 98 0.5947535581444142
113 37 55 0.9569960768438537
48 199 78 0.7742901588664661
186 70 23 0.5398790247637352
75 395 46 0.033026493984146366
56 99 102 0.8356679634648169
141 356 56 0.25325533564881075
166 35 84 0.3050146921994278
200 376 107 0.5511407494273205
192 223 89 0.7812921458169735
73 309 86 0.3823933889291591
137 384 82 0.12541679286353868
134 224 109 0.4219442799789168
