112 31 83 0.23555015818798009
23 131 60 0.335756506993967
191 362 52 0.9010601089030423
58 239 22 0.739748513963346
162 329 74 0.565849879447211
151 47 30 0.6993425397608236
197 257 66 0.7432495810740799
30 259 56 0.7885872590376649
44 388 47 0.00292307935074565
141 388 74 0.39493017174922407
0 8 32 0.4743326732077191
183 264 102 0.9392756891377227
98 306 108 0.6776020064582695
84 256 97 0.42322063742861227
10 282 76 0.3806182477745106
4 51 30 0.7899087126165912
154 224 72 0.46667957311060726
26 334 31 0.1732182345017319
87 265 91 0.9531536923555637
71 315 72 0.7843622195103418
73 136 100 0.8236795930775512
33 291 107 0.532129932861389
169 275 92 0.8530904818587944
9 218 26 0.8812810788888367
6 139 24 0.9608399899080401
116 262 23 0.23074083534566203
15 352 62 0.7124316309655598
153 164 41 0.7315375922499499
62 393 84 0.6047671532801042
120 23 88 0.9007305106112119
168 216 59 0.028734810200502503
162 217 70 0.172254275541608
62 264 108 0.2860054247525904
68 155 88 0.16672891183362215
