48 239 73 0.82523261755846
184 85 41 0.7949647374261746
168 188 41 0.42005951267148434
161 232 70 0.48953985717733994
102 339 94 0.1358482370670896
88 35 105 0.11128615046993529
73 187 58 0.44480535067034366
179 249 59 0.5754828979988877
43 377 37 0.6788039372040737
199 111 35 0.7005659024569728
19 192 40 0.7533729997816154
155 356 79 0.06518137728206741
117 186 33 0.2292741394883805
158 78 43 0.3111723146462282
7 371 35 0.26132739753663603
69 331 21 0.8447086327563526
196 11 94 0.8708365952131045
173 379 87 0.6513997156847608
26 81 25 0.06556939157573638
193 98 106 0.566821327972626
182 31 51 0.9243493366909585
68 154 89 0.2362130905943457
151 290 42 0.6252229616013179
85 205 58 0.9857171776907181
144 64 74 0.8701315319370402
102 390 24 0.5453143535458101
29 200 69 0.18513438538160842
79 310 60 0.04263544252260998
107 296 82 0.8033095026551649
111 286 53 0.7857009586248566
114 194 67 0.34838986876867484
93 241 44 0.944066651886237
152 71 71 0.844216806190727
42 288 105 0.348342862592361
78 197 40 0.21605385234545893
122 389 62 0.29232918786204465
43 88 41 0.07071824890010192
108 160 40 0.9843259573840463
7 121 72 0.14450356689021338
