85 323 71 0.45480939134638987
38 362 27 0.5969118993185091
169 189 95 0.5700148418043741
160 338 77 0.6658089964722524
107 146 29 0.6629946496313007
173 250 40 0.0693929011284955
176 80 103 0.43400772680636757
123 327 108 0.10183810164487384
28 35 91 0.13937620404887952
109 175 74 0.012627404197715242
31 46 75 0.5508669339476681
124 149 22 0.6043485059939901
48 386 101 0.621638222312491
129 98 45 0.024570587791994836
151 151 52 0.8045464293831855
36 189 54 0.1563053081053597
194 228 92 0.41256196171004833
101 4 96 0.897109659367544
142 206 99 0.602948989440597
47 101 42 0.5693334385738376
92 118 44 0.4831866135159666
90 145 91 0.36448879892164676
95 397 96 0.9743649770457253
163 149 75 0.23083570150864752
103 315 27 0.9882452802970108
93 153 68 0.28016585175713693
60 56 96 0.8266594417095003
172 338 63 0.2679357627621276
145 106 52 0.6007252384222214
190 47 45 0.7967219484200415
90 35 67 0.7359891551156263
112 367 44 0.8368154513864089
176 58 37 0.15235106859691627
68 348 49 0.2029608492698507
49 103 31 0.7290660936087121
172 233 78 0.5045331472436303
51 323 35 0.9595965622245265
65 337 56 0.19977859871806602
48 298 64 0.5438963239229694
