80 72 76 0.6241990781778134
139 237 82 0.2477954007124762
55 345 101 0.8021631800715663
58 142 72 0.3052170673410136
94 114 97 0.7619881056512721
164 373 45 0.5585109984338948
163 374 84 0.269168552639923
196 210 94 0.26328331892756685
189 329 28 0.14019621899281254
51 14 23 0.4377332358734325
62 238 94 0.793213936913541
82 321 51 0.34877575275617745
191 3 24 0.7785509692982131
56 387 27 0.782190577718817
145 75 89 0.40101602104397605
46 323 89 0.42262886443845993
59 114 60 0.9260184144219176
197 261 65 0.11136441881494741
153 334 104 0.18066427253771367
162 62 107 0.33201376312929387
152 234 41 0.558510698677957
194 266 36 0.6868130520322523
91 231 84 0.4374475025109741
53 120 26 0.5736427846509676
173 46 90 0.39241549726181824
128 329 98 0.6458669748297123
124 273 58 0.36871818320882244
157 246 22 0.937974705750305
169 323 69 0.7558775030443394
39 335 25 0.8701462444095963
169 252 53 0.581199012158003
191 381 70 0.6883895353554416
105 210 66 0.3318557753156999
49 210 77 0.08624576928775407
