183 257 51 0.5243540612743056
23 322 68 0.4201158965167482
59 313 89 0.3502317450742167
189 93 39 0.324334448247645
26 108 78 0.607446138078155
116 311 40 0.3173843752975488
119 73 76 0.43426492651126947
46 19 37 0.6152258872281695
77 307 39 0.2260809489723714
2 325 75 0.3870161154585168
108 278 40 0.18771730609032422
167 194 56 0.5593760156433051
115 319 30 0.5448463431611272
161 337 35 0.2671489709471502
102 377 91 0.3282012584716637
182 223 48 0.6821454173316059
186 396 34 0.2998575577146252
2 211 88 0.6632215066318251
14 143 105 0.7382295963129398
31 217 80 0.6437168516133029
194 247 81 0.5044089615259711
184 358 73 0.04534076495158179
74 93 51 0.8542141005896354
45 42 45 0.996603429524534
77 124 92 0.5304334731840014
65 357 32 0.4032323997062571
124 91 22 0.6869997965951264
15 387 102 0.6646586637226073
13 147 50 0.008652128087553668
170 195 104 0.7118283653875135
44 173 84 0.820425820071958
6 290 56 0.05784246550276284
