159 170 68 0.007530586624756919
108 114 41 0.6207645330846163
29 230 33 0.9526097443877737
44 92 79 0.27150928281173436
18 238 48 0.5166032128631933
37 380 98 0.5158366122881101
24 79 63 0.5583916999826434
191 185 108 0.2548018919824795
10 269 26 0.8610178861347562
174 384 68 0.9644981186451995
175 327 109 0.8860956666322832
40 24 101 0.7138506271759466
106 340 103 0.7317160662432
33 172 32 0.7538432988699876
122 369 104 0.6151454926535
1 1 101 0.7665128578223405
53 233 40 0.09721583288550384
142 244 88 0.2846345632733833
104 288 81 0.5266587827391691
53 172 38 0.04046469929414298
69 383 69 0.658313624705321
17 311 97 0.14059563157432686
69 348 77 0.6457233897766748
87 174 107 0.28538920177486327
93 219 104 0.07683849264546694
184 336 41 0.3815613198051446
28 226 100 0.07114359776231116
111 4 64 0.7324323313443127
167 107 44 0.5100739981221327
58 19 51 0.2685481643474775
172 199 35 0.39207005679460294
62 215 66 0.10586366435833583
108 395 29 0.35295526137828426
186 357 68 0.3928859869277411
19 289 33 0.8495342154793452
180 27 35 0.03488814403473328
51 43 62 0.032557564689352336
109 335 103 0.29679688708807306
163 230 88 0.2733996487795286
101 99 48 0.048270105694206755
96 283 102 0.3931103455056245
