127 230 82 0.8121787022747293
146 334 31 0.021017530507595583
69 168 46 0.03153471906922223
137 123 27 0.7443316648088821
87 325 76 0.7259813327792118
54 376 34 0.009054687102166503
23 247 56 0.8436780196312341
7 203 59 0.5537204320633593
34 213 46 0.6787706680191516
21 76 100 0.694655162881546
62 351 95 0.6589818539784885
107 154 96 0.8820004961532398
167 326 100 0.6141679724328534
161 370 40 0.8000652025046926
99 279 27 0.968826791177052
182 192 79 0.5159339610800363
164 109 91 0.9749882289711512
36 177 95 0.8282470203111107
21 70 89 0.16004271166402784
179 66 24 0.00902981206763065
40 332 41 0.5011114897583331
48 260 38 0.33321308774038827
128 193 62 0.11559895362235428
121 134 65 0.9700833176900449
179 23 65 0.5458388753711824
7 350 44 0.8093642618008788
148 295 37 0.2400477607752024
69 43 54 0.9179550646574235
77 356 74 0.41879494952561247
161 365 78 0.06666600065878903
54 12 102 0.41529743246457396
