91 174 92 0.23154316559210908
191 105 31 0.7690790516069542
160 346 37 0.952796077021446
120 382 106 0.8970402940576403
67 287 89 0.7700080199022092
50 85 71 0.5086960284502665
181 126 21 0.8402751128403775
53 316 61 0.12450498805736421
3 400 106 0.2547620697902535
25 6 67 0.0865228117571647
46 271 27 0.7132202388021632
133 78 95 0.6666792699627159
107 220 90 0.057232896973873015
137 280 54 0.42086498302986386
200 87 85 0.8555265431337356
195 385 37 0.6831986856323702
42 306 30 0.9206353865647294
133 121 76 0.4777637314969825
113 392 31 0.3922696991814245
168 352 92 0.9207521008068688
31 199 65 0.4846700205496327
12 50 87 0.41996059037787625
88 198 64 0.0499929382069767
190 346 85 0.5286981871337592
146 380 80 0.8334432799981977
178 23 93 0.09374431996383459
82 49 54 0.9148028788706162
30 72 47 0.3629464455039808
