107 25 104 0.273786807842087
185 93 102 0.8572636481127026
54 260 101 0.20948446292796918
184 396 85 0.10166005557287705
111 240 48 0.8420726973058076
186 198 96 0.865271123813225
153 34 65 0.5551955151636728
72 68 24 0.19167759533719853
200 289 106 0.5956802455525962
78 204 23 0.8196905175979946
132 146 86 0.6295116973677563
7 232 28 0.12136270135285554
22 368 79 0.38141247128236455
40 348 24 0.9666822812053479
112 12 26 0.514234534290071
105 245 99 0.6359328145654731
196 259 90 0.6672821102943761
28 182 70 0.18015570714141194
130 260 67 0.453630310656974
138 238 75 0.09223886174377727
32 364 95 0.9441740718204936
37 222 89 0.42992344032837027
172 37 84 0.4465561278619923
195 186 89 0.4792368390612697
30 83 87 0.39065689017923155
156 221 77 0.6066442313278164
102 254 62 0.21638978599347525
90 124 79 0.40751739713078705
