67 171 29 0.50866104914144
13 51 29 0.9301459564523983
9 34 78 0.6293311065718261
31 178 42 0.49565118395988694
48 336 71 0.02515239835945826
67 140 87 0.12860901360057853
159 245 81 0.3648741645136171
109 96 62 0.09013822130368088
34 243 56 0.8141250311744004
148 213 46 0.5627359917914319
173 64 60 0.38586963352164116
79 14 45 0.20476419124936995
31 129 94 0.8382930895290975
35 257 83 0.27383916656326723
19 182 98 0.41330005490329325
149 55 44 0.5384516948344422
45 282 55 0.3631087481565327
110 146 51 0.7774105351015062
189 300 84 0.7983558903893856
53 193 93 0.4084664417736784
0 18 41 0.9082546001726736
20 113 36 0.7613286035891655
66 100 32 0.1596627594831994
61 111 71 0.6189730458952173
