98 211 33 0.1995865327765528
12 112 93 0.4876011320282292
75 254 52 0.18196194089611106
110 42 102 0.0013167876934202516
82 115 53 0.18397202591481143
92 366 108 0.9551436978834021
153 384 99 0.7976976771834199
177 193 21 0.03577734270852584
52 256 66 0.5277689102394374
68 384 47 0.7104558978028688
15 301 53 0.29932312036743924
5 366 28 0.763159765991447
67 273 53 0.5608567122744597
179 147 23 0.7357485216998964
187 116 71 0.5884937975908234
186 289 53 0.13780752536784302
184 152 90 0.69035802966343
137 359 30 0.9961674708070181
58 44 101 0.3162790545067268
21 373 65 0.8018224999454396
95 385 45 0.3861806054472333
99 93 82 0.3473265156150689
102 354 65 0.82839510931799
90 264 32 0.5936319516342163
171 214 70 0.8664159874724355
159 148 66 0.18022909707928636
101 103 98 0.7505737086255245
153 63 94 0.5896661424200998
142 134 83 0.23800710216520138
101 288 80 0.44423936132823894
198 224 44 0.07763400202138804
197 312 21 0.06402045270930579
5 221 85 0.23030848923099456
25 64 69 0.6333534428421118
80 51 49 0.9407245187543088
