172 139 69 0.5527861424788226
119 46 32 0.34719667897249207
97 387 41 0.816328612949633
115 74 102 0.6704383783223188
180 138 60 0.40989113828747215
167 84 103 0.9639584525558533
17 189 76 0.9567388993934219
194 302 57 0.42034985771167965
12 105 39 0.3277567535798378
77 15 93 0.46476236833717943
49 296 94 0.16322176441593939
116 51 104 0.1177337895877707
48 135 85 0.027742218283746456
8 42 94 0.18127632158000617
95 128 77 0.046782553824585515
7 303 29 0.8328187653180339
192 386 38 0.265986334435224
113 53 48 0.16771045522322958
137 109 55 0.046235591693536415
118 116 27 0.39511038868380144
164 119 27 0.743585155479715
178 182 98 0.3333679571524074
34 7 106 0.6571046980077165
21 42 36 0.9296974796363109
3 329 47 0.9370483120938665
73 390 69 0.06454893759663882
95 129 23 0.17060191538655956
42 370 65 0.5881471042858792
48 297 21 0.9514119393378789
