193 66 56 0.8997187878799594
118 256 37 0.1236550666179752
95 16 39 0.29100332278560137
129 369 31 0.667452884096282
42 88 77 0.19824012011018044
121 341 108 0.05437169217693094
180 86 53 0.4322578157781669
102 225 85 0.009144972275136443
175 156 92 0.1921218664360601
24 334 26 0.42675109442086656
137 110 51 0.2008491857530389
13 320 81 0.7080860347780823
118 328 58 0.2919110892310689
151 288 108 0.05949313564945413
49 383 64 0.6307101047929936
5 90 98 0.2267116788705298
51 81 73 0.050202523497114626
11 221 105 0.251388640613621
113 285 43 0.6009709788798331
113 293 69 0.8786511370565796
146 353 34 0.46881024121763337
65 224 50 0.8035664144487824
32 198 68 0.7404888911341
93 110 23 0.9154331124214913
42 237 36 0.9106626447930589
161 218 26 0.7995480790569488
195 106 62 0.7759421302607312
