94 207 106 0.7400210842612827
144 175 79 0.8964992801057569
16 331 72 0.9471676726960382
141 130 108 0.8529262680626772
20 95 95 0.681840276925753
143 101 50 0.9421506937320445
192 361 104 0.8550708539559295
134 174 86 0.4289727449647954
20 130 52 0.8618862477038284
36 152 71 0.867132800004712
85 31 104 0.8824328116457989
187 336 84 0.3658444057728346
58 389 34 0.10380734852859264
11 293 105 0.8192230980941837
95 394 107 0.14848534089009924
85 188 42 0.2767932266708478
57 112 54 0.631624943262694
69 327 48 0.9127749800966105
182 293 53 0.7272413037953744
7 293 81 0.6600823535636972
168 160 42 0.7991001526371196
151 9 23 0.5147960259954683
192 363 85 0.9585942813555889
197 260 95 0.45769074855573866
166 267 41 0.8075240212970782
54 85 105 0.7865235304255807
9 5 92 0.5755311897208428
25 13 76 0.9919167210618335
175 23 35 0.5418240025627488
168 267 50 0.02602767008504614
149 230 108 0.5697236202531542
108 255 109 0.940414956467727
144 216 31 0.22106791637097922
46 168 62 0.5182299529779744
10 250 60 0.5357496271986637
69 177 69 0.07634976221559286
