125 260 23 0.9309053372703621
161 133 26 0.6335354631784356
121 328 47 0.8310789098156677
3 259 89 0.4676070898678054
94 46 25 0.6305465873662022
198 219 49 0.23486154429890815
161 169 24 0.8707314254538416
112 258 109 0.2902786549806021
182 95 35 0.8218961303089527
175 106 62 0.26860024510505276
112 362 102 0.779814063824436
1 24 88 0.028945446302848454
174 193 46 0.4378392460370266
37 97 45 0.07372748650377925
61 121 103 0.011918214443386144
86 136 85 0.9449096402626936
51 297 35 0.9157260658026388
193 118 40 0.049499229763141805
17 249 65 0.07954164890422777
60 253 40 0.9123392029377694
184 98 63 0.1792652641493332
113 333 74 0.37654244381936075
139 286 75 0.8933109513407748
