179 95 50 0.1682808858447754
22 113 77 0.4613557368368799
187 291 30 0.8975735482408835
48 382 22 0.5047174333093012
196 89 62 0.296089625661043
170 78 33 0.20439415654213455
17 59 35 0.32881469135628283
154 73 84 0.6806097811525497
198 62 36 0.8958019653273076
188 28 73 0.8770477772260866
168 205 22 0.22006829008375117
53 202 87 0.5741517879844557
102 48 33 0.45943280244813256
33 309 42 0.10596150522769854
6 306 87 0.7326153854003968
71 16 38 0.2586617930516101
92 197 23 0.22194282812165456
82 362 31 0.5468467837188485
197 187 25 0.9401963969988096
23 317 76 0.7053349050497801
40 357 73 0.9193601391446368
85 137 89 0.11925212425533893
124 149 81 0.6592896993273548
23 259 45 0.49275757419667476
130 64 108 0.17434579022368724
106 276 23 0.8671341005199656
43 1 92 0.5532393468190231
3 179 86 0.6567328885615391
72 273 21 0.5436085568999846
43 150 49 0.983093523299375
102 175 39 0.8571197799663426
