21 204 36 0.6783168654093686
101 48 87 0.368266724066887
142 170 64 0.7326782412102306
104 275 89 0.7618232521396844
187 297 70 0.005601141052386627
77 140 46 0.39496703858707416
136 109 55 0.7167959042752954
11 77 23 0.9071630912754598
157 298 43 0.4987169613844029
33 325 38 0.9563734857466877
170 340 75 0.2568434073476553
57 2 56 0.1419360819936063
23 374 66 0.17335412891463864
154 196 49 0.4420149684497958
26 171 46 0.6758550214767839
89 384 102 0.7636618440975746
163 304 64 0.9276621174888583
96 70 48 0.7529382587695554
72 212 97 0.13857814409611602
60 172 65 0.8240277299246944
12 394 93 0.17447007066854958
128 90 109 0.7727265384131559
140 139 106 0.7341266550185959
173 62 50 0.637161261667853
167 375 88 0.16087970402132257
92 108 40 0.05621114337814892
149 301 68 0.30673028100679156
97 101 65 0.5478209210536777
20 112 71 0.8028861291317425
44 132 54 0.048601091630568916
200 1 40 0.6830936497745352
76 201 61 0.002842035828839351
178 81 95 0.7563804154681404
128 348 90 0.17383427752935154
