16 283 47 0.1296853850102515
141 241 93 0.2944501504711986
200 10 60 0.7911575763122627
168 23 68 0.03730792476057587
83 201 76 0.7702570274401086
17 164 48 0.8655827291792922
131 265 68 0.4326901547925385
52 45 60 0.7057187520819815
56 150 107 0.5049861841087242
196 15 43 0.48161028051037647
78 241 84 0.8688969147944087
145 71 27 0.5447700737676062
56 121 25 0.4283900493239613
141 111 94 0.46187469908113254
68 329 66 0.028191216131120966
199 187 104 0.11277942351960257
174 385 95 0.8155702025771366
165 127 29 0.5131284302585548
97 349 109 0.10544804059617408
74 132 81 0.6988995510693481
147 296 30 0.4196580480348048
181 263 27 0.1348033297850214
171 164 49 0.18590087356731644
9 225 25 0.10002647663252984
107 162 65 0.6071757749429825
0 23 31 0.8855175509413864
172 267 78 0.6807542900572953
25 109 49 0.7094295808939931
59 211 34 0.358631877962414
