21 378 67 0.43344225097314715
177 335 74 0.9182107856183632
192 150 49 0.9485085846430904
59 285 60 0.593421265964505
16 380 46 0.5469693130709169
10 284 96 0.21004444993528892
37 163 102 0.10522023604919639
36 283 36 0.7668541441078367
193 60 46 0.8569298023899895
73 343 106 0.8409698083175893
121 354 30 0.04757995725049646
133 56 39 0.3573584931882524
109 39 100 0.8995584921233339
168 320 58 0.9035768940088459
50 371 47 0.9822214971472865
195 165 64 0.2428142741235263
116 380 24 0.1589715597057093
142 314 87 0.24556361145724648
14 18 26 0.07045028878474435
19 385 21 0.028615659818927996
97 325 91 0.754385354005664
200 387 66 0.5357973997135601
107 354 49 0.5479969016906195
89 313 30 0.4168152225983258
198 37 47 0.4097327512798785
90 330 34 0.9094446629058575
83 376 80 0.7152880824914783
161 264 95 0.9376862159077028
98 195 37 0.24023036298483513
120 85 24 0.7783194832184102
11 394 40 0.6778287433781057
151 360 100 0.7017510077025119
