140 216 92 0.26839112744920957
132 269 91 0.5857041434974828
189 392 27 0.5703302643668967
191 5 102 0.6230038715143819
129 161 96 0.5836200646185312
199 330 25 0.7086704064734202
103 353 51 0.8389603345757376
2 386 40 0.42381291308921754
23 397 25 0.9225186499693553
197 361 28 0.9192517573144314
138 300 68 0.3582204960513675
31 343 23 0.8220584267178624
38 256 42 0.4303940416585109
189 64 49 0.3098449752828648
64 181 43 0.6711921228862966
170 369 88 0.3058367678744468
131 50 45 0.5912687662448243
175 160 45 0.5557357626906979
23 158 89 0.9838617953796037
137 271 31 0.07662812357100679
47 331 48 0.18671647072287
106 384 41 0.34683407829001645
110 325 51 0.4649347301311487
