108 70 28 0.9619073940435334
191 387 51 0.044044625227546264
88 389 89 0.493692150248059
83 342 83 0.09365352518740311
79 319 62 0.09348994940104738
166 96 36 0.6353185720636605
149 263 52 0.45207088752925506
51 87 52 0.5140663677799054
186 359 67 0.720918031574141
36 390 55 0.6342547552644379
14 363 101 0.1503302485724639
152 363 83 0.47685261707445703
105 43 43 0.5246355395287384
39 41 101 0.5814578640246079
136 38 80 0.5085069942725805
70 314 81 0.2553351381090241
7 334 41 0.725207268488162
77 217 30 0.19933233889458157
69 310 78 0.22976404364743797
97 290 33 0.4020197646678777
72 154 79 0.19516685638005804
123 357 50 0.7058978835936544
23 177 58 0.8584209932303846
71 47 58 0.49655047111143347
178 310 48 0.521580260604798
165 281 29 0.8567434846175318
14 337 78 0.683594757063421
135 199 104 0.5652282957693693
1 260 85 0.8450115354434447
25 318 36 0.9823519363065902
167 281 78 0.5066761221337454
104 218 102 0.3841194371355382
116 337 26 0.724479021891069
110 311 35 0.38785447651863647
98 180 36 0.8110523343081177
94 324 62 0.0075401872258130664
12 364 68 0.6826820937664844
