168 60 38 0.9874184145738669
157 15 95 0.6904104336750576
167 320 101 0.7581490644467644
195 54 33 0.055571648743550583
87 14 33 0.026289450651975077
190 191 82 0.18965618829113295
73 264 90 0.5514418425855554
40 193 74 0.40017356077959954
0 381 24 0.8806344541887107
54 175 84 0.9136384542781257
165 173 39 0.13409370171262747
3 207 71 0.77935696879634
147 213 59 0.42757700400548826
146 60 54 0.9203420697116867
5 100 53 0.6166684562073338
90 217 35 0.7924506320481071
124 99 63 0.539290756384791
157 133 99 0.5946025152602592
94 55 107 0.9817611337231533
160 386 33 0.6840366302200912
51 288 35 0.13446451586375763
27 21 34 0.6733486460057613
73 279 108 0.7121122388970277
191 92 39 0.10524622441091036
169 382 33 0.6314179550884819
6 254 42 0.19922817830455597
106 379 95 0.5951604733163465
60 366 70 0.38558796138716966
114 132 89 0.6816047387464037
102 161 60 0.15060569713560823
159 200 46 0.016995254653558223
26 44 103 0.10441693850993461
