3 353 41 0.7332207367292828
123 364 89 0.6751636010101905
72 243 57 0.2966618468160599
164 245 21 0.7635914088551902
7 282 87 0.8392784468786326
75 14 109 0.7580762998452981
164 182 34 0.9871744601464443
83 375 75 0.9140694350944105
129 21 55 0.2527835294448886
65 349 103 0.3528834632669574
193 291 21 0.06297335040041896
40 367 38 0.6298861694505613
58 259 58 0.3859175882075504
95 243 85 0.06792693753129198
101 80 91 0.7257928686260405
25 383 81 0.6531941981655014
133 391 80 0.02867029028629442
87 16 97 0.385856151909062
189 218 71 0.48206161574756035
107 125 46 0.3991911598444945
65 317 34 0.619104563204767
197 84 73 0.8322509239228375
73 59 59 0.3255958503859241
156 218 109 0.42051079611019193
142 227 104 0.7187119484267064
156 107 78 0.32647360514116286
112 140 86 0.9481438887071412
