193 379 25 0.593427910442474
103 101 88 0.6174068010238919
190 364 97 0.2637272556915181
122 318 58 0.16856367720094878
154 125 48 0.7780880842476771
2 45 63 0.5760528410930952
178 354 64 0.4346202718677651
178 92 77 0.23573545249392147
181 245 21 0.5358280835280945
139 39 63 0.33929870396110395
88 17 61 0.6143251568938072
174 80 59 0.1499645663962852
22 77 98 0.12383767690705838
170 294 23 0.5168337557548764
143 79 82 0.5331416609244422
55 63 83 0.6102975279377885
167 183 48 0.19727623589601118
155 191 65 0.7702153788358597
110 194 91 0.8605753599224178
66 13 95 0.07370333463171985
126 124 105 0.27294230731140234
63 331 59 0.10352694872619217
111 307 50 0.6379037396095756
33 135 93 0.9259706541980344
73 94 58 0.9347306108073191
32 355 104 0.47599382309334115
123 259 91 0.6223660098361997
29 168 98 0.4534926208136436
