104 241 76 0.5808083551350112
143 123 103 0.9513023322592241
0 380 35 0.10006249433195724
15 333 25 0.2741049612164661
162 179 88 0.9249371962736496
114 171 39 0.4414395153299109
65 155 85 0.574260042975971
28 259 83 0.500119852324555
125 263 27 0.061616221277798866
194 182 60 0.0889449510231698
199 110 81 0.6360264435593156
147 341 51 0.9137835379914532
189 267 81 0.49428156953711544
118 242 55 0.16523439232227022
62 338 29 0.41914654475419677
158 286 27 0.6027932538570725
81 23 61 0.927744969191239
148 174 101 0.2871904749320996
24 55 23 0.6310577290127815
133 198 94 0.7194106470843713
167 103 50 0.45454469464726177
100 382 44 0.6733009810341665
184 101 35 0.9971732407993527
2 363 43 0.17699982112011603
141 262 21 0.22099706592942203
160 13 49 0.15403212716961734
93 121 53 0.7866064324040659
43 64 77 0.20668744628523195
121 150 54 0.5675932903924551
134 114 71 0.7851720125247583
66 291 99 0.795529875448393
123 296 39 0.4927615052790243
13 235 46 0.04056490403163082
102 200 90 0.2620741380693026
144 13 33 0.457442237558376
109 250 65 0.989292893586774
