168 330 108 0.6204296045222316
16 188 87 0.9641137210502767
177 181 28 0.15315154911741524
58 81 109 0.11863982255426997
200 66 77 0.03623833587088332
133 376 71 0.41272077991642175
19 45 67 0.4753614922882705
157 360 68 0.9264556554323545
124 270 25 0.83421974478752
77 361 22 0.6267415345535159
115 9 91 0.31702865409613057
91 170 48 0.5895272727171966
41 31 91 0.6890675019104491
174 248 32 0.050461394721473374
193 179 70 0.17991656334698702
8 67 26 0.30420733584510273
181 104 94 0.7521313088284214
64 58 23 0.09683613684642811
58 206 97 0.08125372587417146
114 381 47 0.6022834170678181
79 266 38 0.2749650046656713
193 252 106 0.10235018168191734
130 332 64 0.4433354630004951
55 7 67 0.4346952854276329
101 190 109 0.3249156399164166
125 340 52 0.23318669000182835
159 386 105 0.49066061260906446
19 383 30 0.887898152717016
64 332 69 0.8072746473383954
29 394 46 0.0486005248702146
59 315 101 0.8617271995553647
25 77 29 0.3519181494839133
13 150 76 0.5935297921417203
72 47 56 0.13824967162246848
116 219 76 0.15141444505585067
198 274 106 0.9896599793360021
