102 279 55 0.5566720774796132
107 61 31 0.23733883606627215
53 75 108 0.3061260341133375
23 251 102 0.4978985978535492
103 352 107 0.8409374721481052
16 177 56 0.1231682674293848
165 86 57 0.8628131525162984
11 33 67 0.8973286156549367
80 38 42 0.8462438112580827
148 9 102 0.5732479392279242
107 248 99 0.26972676003266194
51 306 108 0.49560215024195586
169 73 93 0.6722779694074891
198 390 43 0.458848115472432
104 318 68 0.0401077390709319
170 234 35 0.7319575469773979
49 282 80 0.9465053572341734
47 71 70 0.9867717939221307
