63 224 105 0.6238970244223906
121 201 56 0.6952354780055537
5 124 68 0.08580966789326039
37 84 70 0.08166304322843909
151 39 85 0.22798102764282768
13 347 100 0.02696753795019924
21 163 93 0.5597342103994289
159 31 30 0.21182633651023652
18 298 60 0.42160272547998434
173 74 64 0.3926592245723146
113 285 38 0.9222004453029934
45 16 34 0.8544323408849217
60 369 101 0.8115767742149832
176 352 42 0.05916346389664939
121 201 87 0.8739185822857981
113 330 27 0.5593178002773225
94 251 23 0.4747393283103165
142 97 73 0.5126204948494862
156 170 37 0.38117261364598176
166 80 57 0.5516115862308831
32 397 81 0.6641831656636313
139 97 107 0.6258836066081814
159 130 72 0.5786139180803784
155 62 69 0.3273287508296173
172 178 97 0.10605848009598007
3 37 73 0.9433118001124726
7 216 81 0.8769517247675674
124 319 56 0.36502090078217075
4 212 67 0.15646684448660442
25 53 78 0.36943552825209414
11 361 76 0.4890373248476513
69 338 80 0.02743711660905168
155 125 103 0.9085153801117534
176 180 54 0.6710789214497005
8 84 79 0.3440085090608781
162 294 70 0.6902373374849875
95 40 36 0.5085069432242493
174 354 69 0.9674810191493756
64 374 107 0.33693569024777814
160 396 29 0.9508471804940013
