19 396 93 0.8873379088751047
101 140 60 0.6744362556175184
31 309 99 0.8466700179071908
186 183 79 0.42654108401748325
181 326 71 0.10913540267043687
80 290 26 0.5090960509956284
68 92 50 0.841662172202069
120 49 80 0.45630817101841903
181 48 88 0.49045204828906097
39 117 87 0.7841596787968382
147 48 83 0.92507920553862
10 208 98 0.2892914738987137
188 260 34 0.15680743614751258
7 190 21 0.13545000468819024
187 256 81 0.861515147739322
160 124 25 0.9422015073239101
192 243 30 0.5256563382483892
94 390 27 0.82091771807195
189 201 77 0.5792687393872302
6 364 96 0.22617931875422026
7 16 75 0.11719834054518019
120 196 54 0.3308141115529215
148 101 39 0.7088868256164425
154 148 29 0.04476447650785775
180 326 97 0.899937779742282
