44 176 88 0.1988263703703721
107 218 109 0.2724114633250925
195 48 43 0.4844821647774171
103 67 49 0.39932021646077787
12 226 101 0.9105665743839769
10 252 95 0.2561662580989861
187 139 83 0.9644657552631591
191 150 54 0.5462743597079843
87 117 25 0.5720401632229711
90 127 60 0.7088887309618572
31 360 101 0.4617581458574236
12 105 70 0.89469984853515
171 12 49 0.046701872607809225
73 248 67 0.40210551357927826
79 5 97 0.2728689295195891
46 84 77 0.5294092578002424
84 390 51 0.8651651996205789
142 7 63 0.3291393560927144
16 83 85 0.4031973482868464
60 106 59 0.30529792624137153
51 139 95 0.20471929605917039
190 235 73 0.64519649539584
173 191 46 0.7217242125464158
77 27 100 0.06357044760877006
47 52 51 0.2751855840206231
192 228 41 0.8735326301023957
0 288 41 0.3555516345620009
140 29 97 0.04375514271755543
89 61 73 0.993151055802806
135 380 67 0.9134626306817341
148 347 57 0.11929576166784217
124 55 84 0.4849202413810245
11 362 24 0.5875684191031427
58 194 78 0.8615636017559767
95 116 27 0.5534818895548465
148 301 70 0.44281410949772226
