149 368 92 0.6892660013151404
14 211 24 0.3177097111709719
94 358 103 0.9744570110726696
145 233 92 0.4804115489341906
88 393 50 0.6272312754006792
129 312 54 0.2886446607339622
141 322 81 0.5552478037593289
113 130 62 0.8834939230263748
79 253 80 0.9494595707878547
42 318 51 0.38805795758834016
45 53 81 0.8180671456258148
30 91 51 0.12109936988731285
116 40 95 0.20705730590578564
84 17 44 0.1895084020798592
60 163 85 0.22591494985197358
175 335 22 0.6349640779578302
8 207 101 0.6029449957826268
47 313 56 0.9711850395534636
85 319 71 0.003571105211965353
19 87 84 0.24057112655167912
178 334 70 0.3930560396112054
124 151 67 0.09526889416324258
51 45 73 0.040024724748158325
175 152 81 0.6580173674089442
196 46 71 0.7989355629584344
25 374 40 0.7968389122843532
55 29 71 0.11524655549272966
98 291 68 0.950392908349871
142 12 79 0.025627603731943616
