139 301 62 0.7820392339657845
168 19 50 0.9073422094870237
189 220 77 0.7509953839177048
84 147 78 0.5863357573992688
131 116 80 0.5874958170650246
52 284 100 0.720154827658923
93 96 91 0.8817881981583586
148 275 55 0.23888736422704338
178 371 56 0.9145326803530218
31 252 99 0.7488813999509444
121 198 81 0.8890005698827064
45 98 47 0.8996350510492106
193 175 67 0.2475755708186218
166 97 97 0.06526508638343498
151 89 58 0.9870795020694001
168 286 84 0.016509957520518537
63 391 95 0.44292793272076336
148 30 47 0.42964085257761164
166 102 93 0.6875904898825543
75 93 57 0.8883641484657143
159 276 75 0.824308024664534
191 178 56 0.7564742977608108
37 174 72 0.1878133927655916
34 275 75 0.8032384472986741
67 61 73 0.6745916031264827
126 384 71 0.5427119257863089
6 358 31 0.13896313225426105
57 235 69 0.7207729970495544
145 250 37 0.6950088133491615
103 288 42 0.030347784910257913
