158 337 87 0.19979477125846068
187 50 72 0.6935782331360311
144 194 65 0.4275242830728033
123 125 81 0.5544782496742248
79 132 48 0.8523907081367328
154 320 94 0.7417502372032267
94 314 63 0.8386962447799077
33 156 55 0.7505163862141103
139 271 107 0.5140015825127687
97 8 94 0.9413946914090973
169 19 31 0.10503205568041774
40 21 95 0.8840796289724853
97 235 47 0.6900945926302384
111 341 85 0.6055426651137663
86 367 39 0.8359529356780244
169 42 54 0.7646010644150012
75 311 42 0.18010469867657042
194 201 61 0.3862549482034735
166 301 75 0.11311431530960081
131 289 56 0.10824132289330124
122 386 24 0.9466664873573921
69 172 80 0.30180005521426345
173 232 45 0.9906508113922258
65 121 32 0.6363276737857066
117 14 36 0.49405522406614477
171 315 43 0.8533569783936312
30 266 23 0.5721652964955861
39 272 50 0.06326332519535738
123 316 90 0.02550275907020716
104 238 107 0.3398558864434057
105 279 34 0.6211117499796198
176 308 97 0.5842613385337873
194 2 61 0.8129594927373908
27 271 58 0.44249006074506225
