121 174 72 0.25836105183084135
61 228 107 0.17273933670238584
41 50 96 0.47969530581428577
81 303 27 0.8252978274655126
36 221 57 0.9021696785645714
162 304 80 0.9561978599672817
125 66 60 0.9978710961107655
106 35 103 0.6896705050369736
0 386 24 0.5899946185620785
118 394 31 0.2680604739469282
10 240 31 0.32559080675362584
164 189 56 0.6148445016581634
102 264 80 0.4434460374987633
125 327 52 0.3196898832092222
20 40 88 0.6600703121094084
190 213 103 0.4748708666542958
161 113 51 0.4895110817023566
39 8 95 0.7985079394560823
184 283 72 0.4906895103886264
73 147 108 0.48133484915663594
115 143 100 0.8755031997216466
29 255 108 0.23014377235062033
11 229 104 0.3494619004034989
144 68 63 0.640683875059875
127 226 41 0.2433337112514402
49 140 85 0.29690384682075355
39 255 104 0.7590557483940907
18 234 74 0.3393456921573168
159 305 90 0.4534658321709597
82 2 51 0.758632257534645
49 190 26 0.005899740167558898
42 146 64 0.17495947676332624
130 339 74 0.058454280441428974
7 303 61 0.6648940611174242
6 370 96 0.390248773058237
129 107 43 0.15283264479658143
36 289 72 0.3149281980756127
83 354 77 0.3890773959043803
