56 373 30 0.5572278310612631
174 238 54 0.06412448734370568
154 381 96 0.22137681184001257
4 257 31 0.03011693309741803
186 240 28 0.35873560173353114
21 84 61 0.8394915062856795
83 68 61 0.2497724919674138
93 194 97 0.9089123995585014
71 317 69 0.2864748193022677
44 274 95 0.5172936682298045
49 29 64 0.7080958624876801
167 286 87 0.5592860033364062
36 246 80 0.3081409817875099
22 277 81 0.975359408480393
112 337 100 0.25853089144313235
178 49 93 0.46833922225958646
124 68 33 0.060320970413199726
111 317 87 0.3935233670687721
197 210 62 0.8650249522804901
35 93 61 0.3355129255939069
37 112 50 0.36003188776208916
92 67 54 0.9218699554916663
20 38 80 0.35458290221461164
99 85 104 0.9034603185792278
165 358 42 0.8419825212928004
73 178 25 0.596746660276364
82 311 79 0.22525118130186073
159 250 73 0.48041439070390546
84 311 65 0.2163169186674606
73 171 89 0.4492059052487535
187 158 64 0.42457475438294523
150 119 68 0.662849355316507
145 175 46 0.20386354123961126
122 109 68 0.04885805265095655
85 100 27 0.06520456448542877
11 189 108 0.6086614506000482
157 222 101 0.8794547203100969
