190 229 75 0.19572386888976256
187 307 80 0.8514923455060547
107 393 39 0.2663277880714622
115 195 77 0.38904368726945393
186 235 24 0.15515450914184314
54 365 71 0.8026395262224789
159 340 50 0.4613660434434764
96 250 94 0.622840270200805
185 170 33 0.5038959341497077
4 301 101 0.8474908558248767
74 18 88 0.4767356572073408
73 144 68 0.8129827366231517
88 397 34 0.19702389253413377
172 121 76 0.8801034519732753
42 235 24 0.5454853819294742
110 345 64 0.1353864948459652
60 337 95 0.5690352541169152
146 362 40 0.06393007047019006
79 138 50 0.020435584990129207
68 309 78 0.4615923018293461
100 378 33 0.32612953280985935
7 151 59 0.13796980042610052
119 12 69 0.8904971017787625
85 196 48 0.8771398620714409
35 357 77 0.23140872621213537
170 55 26 0.35379330343686066
192 335 24 0.7812958461514768
120 98 98 0.43807014831754865
