99 255 72 0.5436455900309934
96 232 27 0.4676370043112962
28 52 100 0.6700070219968213
120 379 62 0.2196547853871974
93 90 28 0.21353945557544352
44 272 55 0.8522478462591041
69 390 73 0.7291495696178987
16 161 55 0.5442098854868184
27 210 75 0.9124179741843865
50 11 82 0.49387469220308
50 33 23 0.3308250362465279
2 362 99 0.2800352424007846
25 366 101 0.2477421544703574
39 260 49 0.3083029670064653
53 320 61 0.3326818182821465
114 367 29 0.06209771866375757
5 213 85 0.1740687822331114
113 298 57 0.6103134327075803
97 329 94 0.0005235859307111124
89 200 36 0.7401394821511856
31 59 87 0.5842625515640848
34 180 70 0.7065725685105634
142 264 32 0.7408260659918988
22 18 29 0.8306786605612002
168 367 28 0.2600107357336784
30 312 101 0.9994910586873238
26 229 22 0.03787212875380819
154 154 63 0.09192247174954726
15 391 103 0.9663579532375718
167 294 69 0.9673328886840692
82 77 41 0.6365513305533939
38 262 22 0.5945755678648347
172 15 83 0.6196357582067289
59 16 52 0.07473500668033428
150 223 47 0.06863526691586719
181 77 83 0.6779058694969532
191 223 101 0.7912505239299885
74 223 66 0.33609733131859
