121 133 72 0.007424969110818691
29 53 65 0.7469757947174751
141 187 42 0.07788542541548604
95 382 81 0.7181323447749492
22 299 93 0.19688901255070013
112 182 75 0.8313131715473587
85 309 64 0.09201557908003444
144 199 99 0.7119407408323861
131 18 101 0.7691673224887959
84 105 61 0.5212196937911062
100 28 96 0.35058620164995036
171 181 45 0.4676726418581658
85 295 91 0.602197607830198
84 82 104 0.18680396173187264
166 151 59 0.12106777905512334
120 128 91 0.4805659677903773
139 16 75 0.10137256223808533
8 17 102 0.7275768637293643
55 319 42 0.7192977682226659
37 157 89 0.8807756819121522
25 393 53 0.5559321640634601
76 134 80 0.7834874855377109
142 76 47 0.19453128770903383
114 387 61 0.006184907647872495
15 174 29 0.8228651912564423
109 192 97 0.039848052065754036
45 130 86 0.7643341221946172
20 159 105 0.8361522138391833
23 326 105 0.5130699656148617
121 265 93 0.26073703772990775
159 278 55 0.7532864962742414
115 129 46 0.5059275747079622
74 133 96 0.820927815418037
143 317 26 0.9897221111843597
