19 289 54 0.7035504174616933
114 209 70 0.11705754239217137
179 306 63 0.04496323616730302
160 23 75 0.03626158876061247
181 121 72 0.7249371483916
30 304 95 0.9841792006267109
84 13 21 0.05035648934099446
64 91 85 0.05150961417412403
136 44 34 0.7205597520336315
10 286 53 0.8862161162777864
103 196 84 0.005370925939280902
58 83 23 0.9107208659917846
17 227 97 0.6156393131860568
181 389 56 0.8662367569102004
20 138 89 0.15913122766929755
59 379 60 0.37275842866605524
136 145 72 0.7899902050890696
43 306 98 0.32146303277935395
142 161 76 0.6395104063210868
34 354 43 0.07734727512661554
93 255 59 0.9449584882468545
87 21 27 0.6506774108141171
30 100 47 0.3934988128713256
108 225 68 0.41104607376934643
71 380 61 0.14209626786405727
69 195 106 0.29677505598836007
145 175 97 0.3294565979816232
116 146 51 0.20298650647937388
152 234 99 0.3069070135912143
64 13 83 0.7460642842280992
186 122 58 0.22849244340904185
106 182 59 0.49130445555799673
160 153 99 0.9819142111869432
188 206 100 0.07006470093577655
