105 14 88 0.9085775190894861
33 224 40 0.619096155859351
85 338 78 0.8500214506663751
199 5 49 0.30822263931416727
136 66 104 0.43373614332483756
168 12 87 0.4828988171741343
158 191 52 0.9723391706832825
43 225 46 0.9203017501682011
133 164 67 0.8129064391173274
78 310 26 0.3714169284768408
171 14 98 0.39107240202183746
31 245 100 0.12206468729568509
12 388 30 0.8438158472701743
111 225 39 0.27523248422169266
117 147 44 0.55398690667454
162 143 108 0.6375369249288363
174 379 88 0.7246694474754115
129 122 72 0.8648675390143784
140 64 57 0.31476684547671996
54 163 70 0.8220360722686596
176 192 30 0.20743602482465207
1 350 96 0.3689596328592235
187 46 45 0.3003407343611857
98 174 29 0.6546184922590829
104 213 94 0.23932606253911282
27 253 38 0.3147893645038955
109 92 49 0.4239570580897073
