102 302 40 0.24480778090955446
173 247 66 0.4059339680514651
64 293 62 0.6491589260101679
77 243 87 0.9085154295541362
117 337 46 0.9511320420460698
128 243 27 0.28063185003845903
13 56 54 0.29392158773571764
75 329 42 0.4501678157477582
149 84 40 0.7630505588707617
191 34 79 0.5255955780241945
117 383 101 0.11049796042324245
133 323 80 0.9535076609681832
42 141 33 0.32737713523022804
46 83 95 0.5196150374792148
8 71 36 0.753012154103547
22 344 90 0.8661340103795077
44 246 67 0.27391952841408396
56 158 25 0.7973507621648426
186 209 55 0.9174787685136886
24 203 107 0.3214160307351034
87 53 107 0.9073955156831622
