66 80 101 0.8758971282521832
25 306 98 0.5092582828347845
10 369 61 0.357764330429294
147 28 28 0.8419337457792584
2 212 93 0.12860068874503672
28 78 94 0.2755972205375453
136 151 101 0.7538221950063887
67 287 97 0.5684506066351575
90 31 65 0.8552510561981438
62 284 22 0.8156270057070384
117 80 35 0.037077790855449266
118 43 89 0.3434902863123199
80 309 34 0.08891492364379583
70 307 75 0.727240735225464
36 37 73 0.7765863619612906
27 101 71 0.7336293088781393
93 108 109 0.45618157076696886
23 3 26 0.4188737121092003
154 107 84 0.9827164396989871
108 251 87 0.07365848654040652
89 374 57 0.10817242471035671
125 247 32 0.04335253300062303
120 255 35 0.10116993216031112
177 202 91 0.9113279339716792
183 186 80 0.8212835462199964
200 226 25 0.7028774651924732
161 300 73 0.29948845651446476
3 326 102 0.23203848845444375
38 57 42 0.1272542853944595
105 248 42 0.9678096851883615
161 341 105 0.7986001795629852
30 196 109 0.5472771177568237
90 369 23 0.2689684789907173
146 271 88 0.09326590785711719
39 207 90 0.3882441875882122
52 381 104 0.7701022215675686
172 255 40 0.6715676728765245
100 126 27 0.3380720591604055
156 30 71 0.5420090070136404
40 202 54 0.3077465337851255
84 351 66 0.15399483365475908
51 22 39 0.16696641705548143
95 306 84 0.9501611298167253
195 98 45 0.0084318597778964
93 121 94 0.134037301468099
5 261 76 0.1291001085509179
58 143 74 0.5559474231809626
