1 90 51 0.07683217838348533
134 315 39 0.26446098798241624
62 307 78 0.2503728721459235
37 132 22 0.04276704050458702
178 229 33 0.4075305890150398
37 359 97 0.1589876595533437
109 28 30 0.8105940910321968
123 310 47 0.7540725591055474
9 8 41 0.35984769648993276
47 282 101 0.13029624396412454
44 300 90 0.7763144862210251
132 236 37 0.891897803283581
12 122 40 0.8759518598460416
65 98 59 0.9751021425711718
63 151 33 0.14800064516982614
136 252 34 0.9276902859667182
176 314 34 0.5636869621013102
132 167 36 0.6980427132157303
4 178 70 0.3279800421816963
175 26 56 0.6549276468411718
163 23 37 0.8037908248550527
1 265 74 0.46373414587598427
88 111 89 0.564180343654532
110 102 62 0.3497197252056006
29 395 64 0.42146512635358724
106 55 53 0.9363776571740628
50 48 64 0.7320690774206354
