188 179 39 0.6224496164148586
72 376 102 0.3170868367132802
81 370 42 0.17103023598335176
174 37 80 0.543632376663329
25 385 107 0.1499213758060418
92 50 66 0.6481958278956458
90 283 55 0.4682056374977335
159 357 72 0.8849715552858312
68 291 74 0.06137354522891936
22 210 21 0.36563747552519366
186 350 47 0.6178634244863271
119 94 32 0.20630784939262115
61 156 52 0.18371111961397235
169 81 106 0.41874831953880165
126 67 75 0.5688246798263009
39 160 76 0.9223289079742659
168 227 109 0.19534933199811932
165 37 21 0.6788627856043469
40 317 95 0.8821834543661722
170 361 75 0.4563832268514396
