149 11 51 0.19027251963961278
73 98 98 0.46649947136709946
158 129 27 0.02699709702802955
50 155 86 0.24862928020970765
157 122 66 0.22332357677128623
40 379 38 0.4845046261439282
4 75 80 0.386235581398059
158 377 80 0.0978808042423095
131 322 34 0.1577565904591388
18 226 31 0.9138132474190949
128 109 58 0.42506518494689816
27 210 21 0.30947281922244785
138 67 100 0.8610144067879889
58 60 46 0.9432943045400086
194 323 79 0.9533028664730789
137 227 42 0.9821118414407949
102 66 57 0.5232903589767056
23 381 40 0.8124796577194031
130 181 102 0.6887532210951846
63 348 71 0.20439508887153823
