25 150 37 0.5240071798046056
122 374 56 0.5102453070327435
77 20 78 0.34640141139989944
103 151 98 0.694505142782905
118 277 103 0.21994975298662744
173 315 103 0.935589856033486
115 145 28 0.5974690413973673
143 313 74 0.4834687802596943
147 274 93 0.1633567168823561
173 230 27 0.5352237586879557
136 158 71 0.7045790378588561
94 232 43 0.653775421319443
167 64 37 0.321007033857704
86 267 105 0.011224966887792731
142 251 44 0.7687065205157199
150 212 72 0.8829380746889709
56 323 58 0.26742171372692136
122 252 74 0.4679128653319845
163 377 25 0.465722897396477
146 229 78 0.7741171749847696
13 337 88 0.5087461791703793
134 94 96 0.6883130599195748
38 344 65 0.142131457200667
109 356 69 0.9267691929117988
167 186 91 0.6336534780654509
168 327 74 0.16962245070657145
170 224 52 0.3350125751668398
23 273 91 0.7544307355694754
83 358 47 0.0228087381213542
151 144 88 0.10983665349871241
158 81 104 0.614118951065765
160 287 90 0.9876199267197786
188 395 25 0.9442726610737138
182 16 68 0.15093201027761938
