88 82 39 0.013652083555275363
187 373 26 0.9222823528027488
7 5 42 0.5677457118787291
161 58 40 0.7695269762082485
48 343 42 0.5320970012264142
115 30 105 0.7400005824033409
147 186 62 0.606932893611377
179 332 66 0.38893566404846813
9 85 24 0.6451965712469956
54 343 88 0.7463701586628779
82 338 106 0.5261955337160994
157 377 49 0.5565202450388201
33 95 52 0.856871844555229
19 232 96 0.08292570993287762
31 179 100 0.14273554158601032
54 198 76 0.7716528620899337
166 87 100 0.4087115080094951
89 281 52 0.44157286231883164
20 277 60 0.5532920443541213
163 62 83 0.5693490756307168
79 302 59 0.34951139403913223
125 186 69 0.5120903740675161
43 379 92 0.859597737453979
131 199 47 0.7160985837612784
24 397 86 0.9594066478636718
105 53 33 0.6937970019106915
108 116 25 0.017669653453827983
96 89 98 0.36017597181515615
78 153 90 0.2799647291479642
12 303 46 0.31656430832368154
122 371 58 0.43216633779961866
