100 228 106 0.43530280741400473
119 68 69 0.9964247360741881
134 219 54 0.833131155854124
145 179 32 0.9670253239673128
190 374 96 0.21152969617295792
60 21 27 0.32006724074654913
21 216 107 0.13524090206166495
8 78 103 0.6502435232919205
129 273 27 0.45326410915830073
54 90 70 0.8301080299121976
165 183 31 0.3025654715307071
54 370 103 0.5210665516506324
70 244 70 0.29316276427013666
192 194 21 0.33354596046739104
75 124 78 0.7393174681875342
197 345 70 0.7956264676282672
95 212 80 0.751585476101508
74 36 62 0.19434580786055167
51 313 85 0.029415193042678034
128 88 37 0.5144539046907421
85 43 23 0.8469771296186042
102 167 96 0.5107409335197731
51 360 38 0.4461991979017531
143 58 30 0.5113951598022617
45 397 84 0.9579386073472408
93 85 27 0.2658603150320278
139 399 60 0.929527129947949
147 254 42 0.25609732069679414
138 205 85 0.5348693462231945
51 317 89 0.30532878651387974
15 63 40 0.2030609858192376
76 143 101 0.3620513968861603
25 284 105 0.6667769408221071
184 382 93 0.9250954152585117
163 350 105 0.0003071473854118212
12 191 55 0.2623694810864444
