151 144 57 0.17160202321704598
160 162 63 0.9338573682782305
152 118 77 0.295078511303443
114 119 36 0.0997665425902996
6 12 60 0.6240939815747266
122 6 37 0.6936345498739542
77 380 56 0.7834058142622514
80 345 40 0.1756696309612248
173 277 41 0.32286761061695923
17 147 80 0.08871021172305238
88 8 56 0.46067757421943845
144 325 25 0.4356703403350838
157 337 81 0.09803868437358665
1 227 56 0.18580793106984472
17 291 60 0.5423221780238083
190 380 71 0.26266750012959617
98 268 24 0.9613530912357817
75 54 62 0.34563592902253304
18 66 107 0.7472070177915731
30 200 104 0.4505350991827486
170 190 23 0.6410162511420614
72 352 41 0.7568852594392395
62 278 44 0.38683878765859414
73 60 34 0.36243313351520834
5 252 31 0.7701891650465531
75 281 71 0.1921327730287552
134 90 43 0.4990134412836823
196 68 99 0.1700528161638819
