70 328 101 0.48783541086518134
65 303 109 0.9079259471385794
83 280 30 0.5063057747960759
68 266 43 0.9215815292452041
168 84 101 0.7462440146445231
163 257 73 0.9679300072699453
125 105 59 0.27937707322232574
155 3 90 0.8016975378702571
150 35 79 0.7497486704946678
172 360 78 0.1492624691253801
98 277 101 0.17396081997573554
42 322 106 0.1116729738067328
100 254 66 0.7718812298232666
106 176 55 0.2500716942004053
192 234 56 0.8264724926918133
115 262 107 0.6689464025601006
23 29 22 0.92189220398535
22 340 32 0.2907275513251435
92 365 89 0.6777378214958146
173 319 82 0.8815642444790819
199 225 23 0.7522362787927499
190 218 73 0.720518875978865
160 167 85 0.22003805860013903
160 135 95 0.04894941769123873
27 115 55 0.4165326465401076
165 167 50 0.6640113455615766
154 30 107 0.2736538189722394
7 83 82 0.9452554752503153
2 272 34 0.37425879763694625
114 320 46 0.43891559943096947
164 138 49 0.0812366004511198
157 87 49 0.04273794094983796
187 281 79 0.05808865061736812
104 294 104 0.5123305502484461
