162 242 85 0.005894579840479697
26 365 31 0.8519299591430949
18 7 104 0.34516685465895425
136 12 25 0.8794489981115308
13 273 51 0.8695820103847745
99 12 53 0.9586223099005767
180 142 49 0.574794413976247
123 237 104 0.8489004257098238
39 187 86 0.22735136773657583
63 353 104 0.688044871106098
62 47 24 0.10491207953845949
38 95 77 0.5234131074739791
74 282 69 0.6369713170136886
3 226 37 0.9321066922717358
81 49 65 0.19311016632263744
72 95 97 0.7986075034481147
20 198 22 0.005896021267470464
117 189 100 0.6604572668722427
161 93 21 0.7401440838648753
107 303 47 0.13108133247296783
11 20 30 0.06291289394109068
93 157 82 0.7510551351571063
164 151 77 0.785177622359292
159 27 38 0.5382100746734212
112 176 89 0.7081250695020894
87 186 83 0.7499880387053052
129 293 22 0.8574026396178678
128 334 55 0.4260138648064197
102 87 108 0.7201433565047931
21 305 103 0.9682937861314608
180 134 47 0.08840550685310578
