168 103 61 0.5668032378514378
53 237 42 0.7734946658960735
74 182 109 0.7657408341510556
43 359 66 0.7058626520282781
129 238 103 0.5450591968994684
30 342 39 0.5107562653502152
54 246 70 0.29571356120878967
173 323 105 0.047647638914685264
171 82 107 0.6202952321404994
128 208 98 0.41556578433293967
199 310 55 0.5748875001589946
142 85 75 0.6248508800459329
97 171 34 0.7643929811657152
22 67 39 0.7448604694679226
41 191 67 0.43529335764291144
178 40 34 0.6340212628333144
153 137 80 0.4392219825329067
181 228 58 0.2611232837007633
128 271 43 0.8414410637035304
100 287 89 0.7082911176287392
177 267 65 0.29160568354741545
169 357 58 0.8788384555017196
79 242 66 0.904123622672845
149 268 61 0.3645568562696979
187 386 21 0.006185395628244494
