116 334 30 0.9624031128085263
173 98 22 0.4587102463150631
17 15 85 0.7052259349043832
119 314 56 0.2195207986881914
7 78 74 0.11209921875295759
136 209 95 0.5677148034821811
71 24 55 0.33407026439446663
32 347 53 0.04358073494976955
39 397 93 0.8311920561004896
182 367 54 0.6451771200277485
61 54 70 0.05026402331605573
75 309 64 0.4544724742284354
63 160 71 0.7777786241678198
12 72 52 0.14031982993957381
79 128 108 0.47129192728316693
196 195 72 0.00461756625778964
130 128 101 0.0031276760102673107
50 393 23 0.3656171083558283
29 220 28 0.5647234769839489
137 287 61 0.2744714921049184
88 318 21 0.37242428427149543
174 201 101 0.8748304287552141
129 293 70 0.07243791546393641
158 99 49 0.19784699537042638
175 134 70 0.3287009916789817
199 333 63 0.9119245259713151
133 326 53 0.014870817390658653
140 9 54 0.37692304500453966
133 221 27 0.27011575668753396
155 213 75 0.9774055978940165
33 74 74 0.04861447656754614
153 390 42 0.4108926427392491
65 353 83 0.0649731524266205
129 295 25 0.2988961497500039
19 345 29 0.994613247401144
186 172 73 0.9175785453201538
