161 339 25 0.28771002385918687
38 152 87 0.33520539057533605
43 282 95 0.7337517049683672
83 338 52 0.22933738088472255
144 318 106 0.08518526293193329
172 233 40 0.38828397694709005
173 145 25 0.41717296082911726
133 59 68 0.6137085479994736
195 300 59 0.18600178598369776
10 229 32 0.05549368823132883
8 361 105 0.1861382178592369
84 58 60 0.9923077723638654
183 107 26 0.059214951306329144
128 250 77 0.9933115541083593
130 249 91 0.5150981931183228
106 248 69 0.3607218002824065
114 383 28 0.12682208694393038
37 28 103 0.4960715966307818
98 85 56 0.8592989683239656
16 127 63 0.9690133693613231
22 214 25 0.5936669211471661
17 284 107 0.6099348073222023
34 106 93 0.724405264194475
122 373 50 0.36290860025803173
35 89 36 0.5767335911083651
95 122 33 0.8551343766993105
74 162 57 0.5845363261098131
91 122 58 0.9889890660755493
0 361 33 0.12604962769824957
157 32 61 0.0509229014994359
128 62 69 0.7924670817500482
199 256 52 0.8881585313288838
90 32 78 0.13097462432208495
72 270 41 0.5539840909802077
190 124 62 0.965063767848695
0 97 40 0.7590903977723134
178 158 92 0.15697141750696886
63 54 69 0.2202986810334836
55 43 71 0.624117785673793
