23 182 83 0.03900519749034492
2 110 80 0.36639111676926384
144 21 24 0.196764164369454
83 200 59 0.27894358223642524
127 361 107 0.7597665806547296
10 383 108 0.37988879415924204
42 92 23 0.9070739672646649
170 57 51 0.1339375318980257
21 98 58 0.6456397299414007
159 134 34 0.07203592782900037
177 103 77 0.773049186407135
37 100 64 0.08643348261562389
85 276 46 0.19395406566242812
154 271 105 0.29263792322131965
35 312 47 0.07659751161638917
16 396 54 0.03790818995366907
191 314 62 0.6367966216140137
111 322 94 0.2554076217831278
50 122 84 0.6076107094886097
145 28 70 0.55881723342312
92 23 79 0.4919009028382535
117 206 58 0.09074659992644374
147 319 58 0.4025232991860548
55 277 66 0.41816382464466206
63 274 86 0.4093183835697447
187 19 67 0.2598468738106047
145 381 36 0.31537228865054734
115 91 56 0.3178613378140487
