173 251 46 0.21774110580660577
58 55 88 0.8872991319261666
22 211 101 0.9280011782179869
66 308 68 0.4261118257309613
50 388 67 0.7721472073995946
46 46 49 0.34769834757283546
41 93 96 0.9166891460249983
152 290 77 0.7934746513488254
125 379 25 0.9241237377315679
131 369 25 0.4480295155691214
33 93 52 0.8008973341519814
12 269 29 0.39530755973621357
61 360 49 0.40222264866447066
80 190 63 0.17724797711270246
151 26 92 0.33985575439854787
24 238 47 0.6001713301303461
50 172 43 0.7279936535651444
80 181 91 0.278805854378552
77 297 40 0.7763842415803217
110 99 37 0.9592997854080992
193 15 75 0.2558901121263156
97 203 68 0.40199366116431434
100 21 85 0.14709951966210155
143 341 87 0.639910845331892
119 326 82 0.5310470256581616
43 206 29 0.5673512947343458
134 108 37 0.10906939794897597
34 249 40 0.8731632297264968
18 292 40 0.25935538462798646
91 81 92 0.5159236246847586
51 91 94 0.875268300183439
