164 17 96 0.6259543356217123
77 132 52 0.33670310600498443
18 396 72 0.9899065636217971
91 33 38 0.6210237845423683
131 255 49 0.3051230360631201
18 70 96 0.6789414848742377
188 389 36 0.7028304617738136
60 359 35 0.4170318289762641
24 255 66 0.6988370721825289
169 130 27 0.14521513549859255
171 216 31 0.22463806785680696
104 292 108 0.6444025456003747
58 87 24 0.4683280906488081
52 4 33 0.09806299686152098
195 133 22 0.763377243624278
45 64 54 0.8622215865636971
101 102 34 0.694808875014609
65 256 34 0.7458400315334648
24 318 102 0.7276170504157193
77 57 108 0.7260641400762421
109 98 102 0.2749852307106393
180 317 82 0.5472280125117394
153 263 21 0.35830976272895443
165 293 45 0.28317831112556
111 362 103 0.044501939550042446
75 17 59 0.3861097782173133
64 113 63 0.02438923536476978
197 104 65 0.9646904325053224
