6 62 39 0.3273126212132792
131 356 71 0.03584262392805937
192 68 48 0.34541655767887147
73 55 84 0.02887312371752515
155 333 97 0.9054365844069316
107 395 66 0.10645322474055108
116 359 80 0.11933267231277722
180 178 76 0.31052665368830523
177 287 53 0.4253549567080841
96 122 81 0.6304492596772278
72 289 109 0.037821767258202965
189 252 74 0.7193358545214927
119 227 93 0.9166170562132172
98 132 56 0.9422068626501271
120 133 68 0.4049416279028373
73 122 81 0.40541537194003263
166 385 62 0.7291334178461755
69 140 53 0.9244829473408969
32 213 74 0.6645404660104482
196 25 101 0.6139075362246396
163 317 96 0.8443168777051563
47 196 62 0.2501530513433394
147 327 33 0.06560143537780894
60 382 47 0.9967991460876188
103 349 30 0.33868996276450913
60 33 28 0.28493625357903407
127 332 83 0.8823900083498231
123 128 30 0.44303277195794766
