13 126 32 0.9973319979983648
93 114 80 0.8140513147891688
21 109 51 0.8494172401899859
33 227 93 0.17900519590276198
42 269 27 0.4337720866372584
113 391 73 0.38807452083123883
1 36 53 0.32029734183459047
167 343 62 0.872438084907091
169 56 104 0.725126888301172
37 258 21 0.06759442551709272
21 329 88 0.04005577810415539
58 212 89 0.8897908967145963
187 308 107 0.8540149043805945
156 164 72 0.7516144566489754
110 294 63 0.14922032498715165
77 327 81 0.4628048599373079
85 54 86 0.3576033364183471
30 231 93 0.7362256830788162
84 393 21 0.5302113077686939
148 389 32 0.04046349939206362
101 192 31 0.7092505595174784
45 266 64 0.856882348867603
34 103 40 0.5220615028252503
179 241 63 0.36458101983589863
187 208 92 0.2509475264148685
19 302 61 0.08408378178024023
113 34 60 0.17668985642920798
40 348 101 0.3896233023963146
99 379 42 0.4479651155990736
103 219 60 0.817560471753653
41 123 72 0.9770799263926646
84 144 100 0.8757875351996282
70 267 80 0.3285794760411367
119 399 87 0.20189138576304944
121 47 59 0.9678550812104849
