121 290 101 0.7063617305108045
186 267 83 0.5635777948903476
182 258 57 0.5120431908511878
64 352 80 0.32131323917305854
105 119 29 0.522424649874839
108 36 55 0.026414117480537347
38 169 108 0.5885391870910773
171 210 47 0.23994153783599548
184 141 27 0.7927587922049298
71 84 96 0.1352511475742092
117 356 107 0.1253892384713058
67 113 106 0.332314394028725
24 109 22 0.10426136065260538
157 238 29 0.6627976871181233
169 136 77 0.1364956775237377
33 271 55 0.5111702661098236
37 391 81 0.8340625307710621
135 208 73 0.1107349378397976
182 249 72 0.5610084989937847
112 225 46 0.5199562779027739
59 245 43 0.8832211051016592
187 138 25 0.6831377111587703
109 191 85 0.7295999705397823
44 273 50 0.7182348767050186
155 176 59 0.9497053716494879
109 143 23 0.9062148935433895
179 287 41 0.6257639358650189
197 121 54 0.3128689398526926
158 309 71 0.8657757410279879
