95 291 45 0.01317134626531391
127 31 42 0.9546376287345512
173 381 23 0.4659498543845232
187 339 88 0.33521935491721566
16 307 36 0.016415584631350177
39 180 58 0.4835520344417946
193 329 88 0.33211869592261867
1 207 44 0.9783986310642214
40 313 60 0.1664829511505007
184 136 53 0.8413649454342625
128 86 48 0.05607989345669262
89 291 80 0.382454205361202
69 378 35 0.9511634891240139
89 196 26 0.5520871012018875
183 144 37 0.9461464038516736
12 300 82 0.04628937120801668
139 208 72 0.9198216825605181
161 128 59 0.1770504506651125
10 124 40 0.4258469164982558
115 304 50 0.7277470617036933
41 164 94 0.26314087930229846
157 382 56 0.07060388504269366
111 292 69 0.04063009146096486
