57 41 51 0.24049765862830297
35 302 73 0.76468538796455
63 196 24 0.7995770833671425
61 247 103 0.33114933575156535
154 219 43 0.021853834788823967
87 115 26 0.45781759083698614
143 303 96 0.918225444049908
148 191 106 0.09389086185867757
109 382 44 0.24711703242285887
136 39 55 0.1884634637864787
140 111 102 0.8920244333313189
70 372 64 0.28269025877924114
183 320 30 0.2989822669344414
96 67 22 0.4365322442618721
157 122 85 0.20351125907370826
146 393 83 0.15930638138277753
185 331 106 0.013734319524630778
183 159 21 0.20807433765087935
55 171 103 0.19111734193985463
15 143 65 0.8514136357821482
102 261 86 0.02174407150693025
103 15 89 0.9088300635016051
174 53 59 0.427247506137592
107 174 77 0.14889568666176234
51 233 37 0.5878310435761114
5 386 68 0.5109267806230737
146 348 93 0.8731648821454089
119 339 94 0.7744917656224248
24 261 71 0.549689159695887
76 18 96 0.5341107412499272
63 237 101 0.9915002663660263
130 56 88 0.9500877558385873
10 72 23 0.22159782103562886
182 170 75 0.05634926912024296
130 45 90 0.8436427130773825
131 330 68 0.9491523416190627
