150 49 27 0.15756931452065404
84 393 68 0.8649646712440113
119 175 59 0.14143632193798306
123 233 108 0.6026871210785884
22 157 57 0.48325562811936007
151 288 46 0.305744114649961
64 53 57 0.7292256197127926
153 336 93 0.4663792314433569
115 83 64 0.7127860299886971
39 54 40 0.3156002851947116
67 105 34 0.610780479947032
181 324 109 0.1453866376209012
150 117 90 0.11564200767116173
67 46 93 0.7081583929533481
25 304 41 0.3430441837049466
167 45 63 0.34541157297334857
192 232 74 0.2159598399384104
181 385 38 0.30608405674378936
2 273 101 0.001101668661878108
138 192 94 0.6351789211636282
20 311 98 0.43547173806865436
114 21 99 0.5722229325727272
157 351 56 0.5738381701878018
72 39 57 0.647098149145265
156 52 26 0.7303267237114262
