138 354 108 0.4130572846667391
89 282 108 0.741399764840507
63 208 79 0.3791833735228868
48 144 34 0.1638674311540811
125 306 22 0.5452835358672921
136 381 99 0.03465047809618693
61 289 28 0.14283196294781741
151 369 26 0.5240039647199061
90 336 38 0.5029789155385631
89 146 59 0.355851428983323
114 44 60 0.2690457905433785
131 400 103 0.9091609368335429
31 262 91 0.18490303057239244
81 195 41 0.37924153092136814
146 62 31 0.326950375589115
150 374 75 0.5455997511158305
155 163 70 0.07693625905949608
121 95 35 0.27468540146937803
97 139 34 0.5659913588632558
16 268 32 0.9250884925150527
175 128 48 0.5072256364740261
93 106 49 0.7852641059727908
117 254 70 0.41124611560988644
186 18 59 0.36133665863202025
144 147 88 0.16301669743113834
43 95 43 0.8365284908128571
105 277 62 0.24379420038594013
178 123 107 0.7495273365204175
29 44 101 0.5424736239686365
117 301 105 0.7278876652308897
