131 178 84 0.5661806694095164
65 364 57 0.7848870205862853
53 171 71 0.7889247656258482
177 298 80 0.30306017346743974
197 348 65 0.12663012467660562
145 111 103 0.8655109320474758
46 47 69 0.21901287006221903
174 325 67 0.9289885420574595
56 87 83 0.34701203838348005
137 171 103 0.2798083637952947
3 221 79 0.023406832864138583
82 356 50 0.9989973469164519
70 302 62 0.399227599376234
126 202 36 0.9955521267316655
116 365 88 0.6474389089637399
139 2 36 0.7450047499200362
26 60 91 0.0691166993666652
107 12 70 0.7871570414619679
110 35 103 0.7649886069617585
33 250 27 0.9374725247849708
83 213 84 0.0348668194006333
80 332 38 0.7184337505282499
184 3 72 0.1805282476791661
23 373 78 0.9164779771641213
153 245 22 0.6421674136903276
128 221 44 0.44343853970718716
8 65 104 0.7224905310607452
119 65 38 0.23958296359053854
11 328 58 0.8251928871611568
156 103 96 0.8930636631654878
163 177 35 0.008114531472307007
200 138 39 0.2534894987650935
143 348 104 0.15995092539417433
105 360 72 0.27006906741695846
26 222 82 0.23358561932522415
