96 103 77 0.7581519907594642
157 224 93 0.3435146734094702
119 208 75 0.5295769975088946
59 137 91 0.9342746470802945
188 150 78 0.6562539093431762
132 304 59 0.7480778942741511
4 203 42 0.5448899864076642
119 286 51 0.5639363434095334
19 178 72 0.43318951722035204
52 129 92 0.9140614575111184
137 331 58 0.8650026958125744
52 87 60 0.7000600341713785
85 4 51 0.7076697888201942
137 2 45 0.5036893972257336
27 180 86 0.8166348875837623
5 399 69 0.2757464134306832
28 92 24 0.9993859177293406
100 309 79 0.14820207982119316
193 298 30 0.6899376321185302
44 279 60 0.32449117023234075
23 90 81 0.4513193723251795
155 334 97 0.04961850108343002
46 93 23 0.8562003475096603
39 154 109 0.7631547193927075
8 1 94 0.7870039142927523
