41 282 37 0.8896375302404401
177 224 48 0.8811669386489358
47 118 94 0.8288616574944027
188 373 60 0.7259623327212774
9 253 26 0.6179593236908432
89 195 36 0.21471336729998647
117 12 61 0.2639938736236528
72 68 48 0.05712690013168853
67 22 61 0.6738134760031791
8 58 92 0.5579882881317351
1 129 73 0.3074439039656498
150 384 109 0.39294981481186364
69 48 73 0.1999262392767206
11 251 52 0.39845217389009946
101 6 89 0.7087606378613495
120 380 67 0.3317701342666769
109 319 61 0.4503149240549349
106 270 61 0.2552188087858812
137 121 72 0.5517936075335217
143 256 38 0.3320148210582714
135 100 21 0.5973684771215745
161 31 81 0.3206281002682454
165 298 26 0.6509253804402838
139 354 92 0.4389488035437902
140 29 92 0.18639092467899943
52 137 66 0.05600099269743708
56 215 62 0.28348911555868395
169 324 39 0.552980319952185
34 132 100 0.5652101925468229
41 31 61 0.7920513590765018
192 178 70 0.8938576632753021
88 319 60 0.07843526344472429
162 188 96 0.45868595158931913
