15 61 27 0.8753877319877419
193 362 52 0.8489579600770972
29 30 41 0.2941180818201339
9 283 33 0.7439427973624173
0 358 78 0.30323319680547767
164 92 35 0.24691427656649556
19 179 101 0.17675500578339465
3 113 64 0.23753076023511654
38 303 100 0.701886842786095
51 315 92 0.3043794127423358
40 164 82 0.8787826080198377
0 346 83 0.2606227607656877
148 282 70 0.15657983201589543
41 268 21 0.3304162358600544
40 214 47 0.1985703976576444
82 195 71 0.12873604684191486
76 60 100 0.05012901524728286
192 95 34 0.43330472139333576
50 214 106 0.3626701434636238
34 173 48 0.13264437212853786
112 141 61 0.5394485309246106
74 83 48 0.2449339663945299
90 4 60 0.14506471974046464
152 86 30 0.6532531452771517
57 207 36 0.6389806502137383
190 330 86 0.9765508113949638
118 151 70 0.4915470351941139
40 159 43 0.5415802483720034
37 238 29 0.8514634963038878
