55 184 61 0.8091420992585305
82 313 30 0.3489760094674711
186 178 58 0.36668054066829125
157 250 40 0.592024305676466
96 332 37 0.5620239474592928
105 134 60 0.6449638186846796
51 141 46 0.5205560481530821
79 245 24 0.8581590370094156
17 396 94 0.947078104771616
155 284 21 0.2825117550738385
120 37 45 0.14361333777449825
158 319 44 0.09721360927582512
89 53 28 0.5165735402930232
123 135 38 0.6956431651926926
171 116 49 0.23576893994161607
87 354 47 0.033855957496464195
93 94 68 0.650693375392866
123 232 88 0.34151277803760327
34 13 70 0.8549271067051017
60 156 25 0.34820046638699587
56 177 89 0.2270077246688028
135 293 61 0.9983918905494378
195 393 27 0.3459535102246859
20 236 25 0.18167345631465692
62 129 77 0.3695279390505378
