48 167 36 0.6061087101604931
135 295 86 0.9286605584952675
85 298 69 0.9934135243372959
35 182 43 0.2939131891973289
175 290 32 0.1192982323724211
127 81 62 0.46600736868711856
12 52 67 0.8254447455998871
190 370 72 0.86391928771332
45 50 61 0.6361176055619367
91 146 64 0.40784938113742397
30 171 42 0.9775773374954311
180 34 48 0.5434613109020436
79 299 47 0.6683761733075043
84 115 44 0.663874192745239
182 29 40 0.4157753745813
15 289 91 0.871445281916694
100 94 41 0.11555063385820663
0 70 92 0.2784122785061669
15 258 79 0.5425728013064403
27 104 70 0.5277584496937542
46 204 78 0.16462070838406417
107 1 61 0.2697750840447537
3 50 63 0.22029784998053303
153 214 98 0.9347142347587687
0 316 50 0.8240745450584122
183 91 80 0.4067243588564854
37 299 94 0.4403604365742244
157 75 36 0.9020627499581095
107 209 79 0.41886842037012495
31 349 98 0.5390560313824899
82 95 79 0.029855710913168854
45 335 36 0.528016707592816
13 278 27 0.9918398779362608
185 313 76 0.0917110131881308
122 5 87 0.025374264307821748
190 192 74 0.20937659984380774
11 355 22 0.6587536047954244
