126 231 72 0.9210983527807944
70 20 94 0.7686190463602874
84 14 99 0.08796555456740685
197 275 30 0.08570434751266132
89 365 49 0.6232262366937533
31 379 28 0.22930950318326815
57 379 48 0.5453768711357262
194 377 35 0.9930396268815329
103 172 86 0.9393973451402733
36 62 98 0.45571395675131976
73 188 46 0.3222587024067848
45 35 40 0.16105147761934346
23 191 22 0.9972756723230312
45 47 29 0.7174917773680892
53 52 50 0.8388992384027012
28 383 26 0.17115119446410842
20 213 91 0.3316097241531495
14 235 85 0.7865774965021943
53 317 47 0.8089872379434025
122 130 29 0.06816163677333364
21 36 71 0.16718031874821093
182 258 71 0.9920284721376289
168 262 35 0.6191698916772694
8 65 40 0.6698895331674185
