46 103 49 0.40000823390731977
187 13 100 0.46967916218024586
66 332 90 0.8534144963936062
19 139 50 0.008917731044310151
105 373 97 0.04242645734840966
98 4 91 0.4693460441452847
39 312 98 0.8143658952013871
191 157 39 0.43022991151341405
191 122 77 0.5566657493014281
72 130 60 0.0870752706314285
114 95 78 0.2630895494367427
175 295 44 0.003223737418506012
104 263 96 0.0024644615994794394
136 213 67 0.2197209522579806
64 44 68 0.4365450804725336
36 391 24 0.142215419747574
14 147 23 0.3313376358371184
129 249 105 0.6622131683122605
11 203 23 0.472199319511179
83 380 61 0.5683127302920754
142 255 85 0.10924819348700521
148 126 58 0.8414544101967341
74 263 74 0.20192252489512574
73 242 34 0.7362803166937414
149 377 109 0.24542492860757648
