179 126 52 0.5234373667708971
0 274 30 0.487516543406326
167 390 59 0.5709861064337429
137 14 53 0.07918065795818796
117 62 78 0.15710715063878278
86 294 100 0.20526108642872642
35 57 86 0.05591218588136204
66 338 48 0.6724247217490541
40 220 86 0.3449657623058423
147 26 94 0.011550823734445714
23 299 102 0.0631674496434722
39 152 91 0.3199907780415536
197 306 78 0.28148124762078786
96 35 86 0.8270773586565998
39 237 95 0.2025031877468032
97 69 57 0.5507939562605507
92 81 102 0.6945831226777693
27 63 77 0.4442462649583264
58 249 105 0.4157219615894069
81 192 67 0.13631272564154584
103 346 105 0.04267357942528294
22 52 74 0.07569063339913473
