15 359 103 0.9498340140818364
169 116 26 0.7922983506552272
10 8 35 0.47072126902543354
76 345 24 0.7622738372272513
88 165 37 0.3022048142927466
184 248 93 0.0008938248988153985
56 257 88 0.9873708901263638
190 82 23 0.4750946495561441
76 10 26 0.504949176320831
75 111 85 0.9877772682492991
105 88 94 0.7967466663880798
127 221 82 0.7721328322855295
80 13 83 0.3871877723208905
101 301 79 0.32003396464496514
17 293 72 0.7320391191896382
133 371 50 0.40943753912132896
171 301 67 0.06452763221207014
172 81 56 0.7873349565122347
136 30 79 0.34981557465184765
105 45 42 0.9313857673779335
194 266 62 0.08626569328608069
143 142 43 0.5404077393783975
26 181 48 0.7450819283306714
87 78 31 0.21886640208567576
112 304 92 0.672435059711376
160 245 28 0.8644125042301981
115 394 105 0.8908567964108838
159 50 48 0.43741527141243497
131 210 45 0.12470604517911099
57 114 21 0.2596655853418821
85 287 81 0.3388116673287256
106 88 84 0.1995596877576653
110 216 56 0.4182988762643042
91 395 69 0.5849351943224411
132 41 26 0.5901345025963561
