168 227 31 0.03215309786829401
158 171 52 0.8939621758576781
81 356 93 0.6980377729851315
169 172 103 0.035499514686256894
95 4 86 0.09887406358916362
1 196 47 0.8728074794353078
169 304 61 0.08552610147214912
95 17 103 0.46319845501283585
21 332 53 0.6663823797801178
24 323 43 0.3737167696823598
40 161 68 0.5382916684817259
77 183 59 0.8823521950769325
47 204 35 0.6789700805837502
93 305 85 0.5359635246885588
82 1 106 0.738253843244494
30 232 75 0.6563737669617966
47 88 65 0.7719947735052081
66 382 45 0.1766959852181066
133 226 46 0.012991592834045829
157 390 65 0.7281182182315494
177 137 51 0.2626136154815727
191 220 90 0.961730935177161
160 207 24 0.1914813335149107
124 385 107 0.24782397803748257
186 361 61 0.5437970605341422
85 77 54 0.4549158351089245
164 335 101 0.016608238026294853
145 186 105 0.8595684323402384
19 252 44 0.22966001070197084
71 28 105 0.22534194621300185
89 336 79 0.7557246043548205
72 220 107 0.611716151074256
150 381 55 0.914856939348095
