58 80 43 0.47751220227934144
147 328 44 0.6972736563483289
47 301 57 0.5468933597025949
182 375 96 0.8221421602298875
93 45 72 0.4186967697471111
148 198 74 0.06796944739443234
77 42 80 0.9362218762412795
71 310 89 0.5563937191984405
171 326 68 0.0027398492266862418
110 277 97 0.2899327014068026
132 302 62 0.48239750952314464
13 250 109 0.17836354304629887
34 363 101 0.8308573876171751
175 113 105 0.05362672731111051
48 141 39 0.11901983062815646
42 27 39 0.9132457932641618
98 297 33 0.2821751507419362
131 312 97 0.038706435671573725
198 267 47 0.953330444350501
59 117 79 0.5796452528075865
93 20 76 0.9755108855677391
177 18 101 0.5490151576621767
196 282 26 0.33036912916497363
100 229 107 0.3488324030388199
28 126 93 0.46816542429375996
175 129 26 0.9096369072048751
105 378 76 0.19290279750571837
33 339 66 0.7881908751301405
85 127 101 0.935099175864211
101 148 26 0.5559361855052944
