148 23 57 0.7412211875713078
54 331 59 0.19393521387841517
139 260 56 0.47722401718807717
164 167 83 0.6994470919416554
94 311 87 0.29123660184506306
133 58 71 0.9386732144209454
89 4 108 0.06180689320811539
147 383 107 0.9556636456733819
142 17 55 0.9395933886099568
28 288 28 0.8196723939606028
171 127 88 0.5444696970763425
149 108 79 0.019581240497110297
43 349 106 0.6408370797210227
114 181 55 0.7874418043052482
101 67 26 0.6715723150780937
6 86 77 0.35925430740392683
7 192 65 0.7034123566533069
16 28 108 0.7819494740994194
186 267 56 0.40814575883518833
170 10 67 0.2361991303563391
108 164 39 0.9309603240596317
105 270 58 0.09409433000734846
150 65 32 0.22599519762868292
8 367 47 0.01642451609378215
73 130 104 0.6799474189436295
51 263 109 0.6501376971984086
29 90 85 0.46345234015492065
189 334 63 0.8374064223228203
