106 32 61 0.1650316235628474
76 215 73 0.475209009377776
56 399 36 0.38769387538421585
46 367 33 0.6985017240136508
31 34 104 0.9679359397565476
132 341 41 0.6841563280007106
200 380 62 0.2802057436327814
114 204 106 0.46763746576407306
76 219 87 0.6962245263103615
93 27 107 0.8771546232404785
70 78 23 0.8616575340404764
79 344 32 0.3819597968806272
131 87 63 0.7269477735252909
135 388 24 0.7945512105206489
3 75 56 0.7090149250295632
194 48 43 0.45840688867644774
151 348 76 0.6644544709494188
82 65 70 0.2865262245864735
66 346 103 0.8287545596630708
62 158 51 0.11008488917286485
49 372 83 0.7483836864694848
178 274 22 0.0512378339747569
131 192 105 0.31491444203762264
79 51 88 0.5479658891356721
67 56 25 0.9816930843292336
180 347 52 0.909543990637976
133 181 53 0.07418916766656991
115 165 97 0.5480822570170316
146 56 27 0.6145297584841775
112 90 84 0.707392321455878
139 271 24 0.8254058854275542
28 202 64 0.4143803556153294
132 63 69 0.5135069418310312
61 309 24 0.6823300530128644
69 379 108 0.6873875315239892
130 297 33 0.9785753102669627
125 357 80 0.5277233519723571
4 114 106 0.7100436112614058
5 126 73 0.95116758366183
3 19 68 0.11155199384007286
105 104 67 0.3456245570339471
70 184 49 0.29590132545815817
107 340 21 0.3246916899468457
150 333 106 0.9008914688340552
39 29 88 0.6099637298315017
