22 104 96 0.40834176569262437
176 212 40 0.25223893636814365
75 209 30 0.43994578685961583
75 213 96 0.4136537694260367
27 149 25 0.9323128848273246
25 106 99 0.24227505862252519
13 271 29 0.24394958064840844
15 146 67 0.24081463809375947
49 303 81 0.21337089389930874
10 376 91 0.1164326709911111
149 169 79 0.3417386322119773
196 208 32 0.6621579254846469
68 59 82 0.12474914403422366
119 148 61 0.6561337995649761
20 120 49 0.8891540331156369
111 259 80 0.21742104071764512
3 236 22 0.30259184123034333
115 194 50 0.26870578723339766
200 294 101 0.7394219416588426
83 6 103 0.4922297030267564
18 390 68 0.8756338809630948
114 297 56 0.0855683704693061
93 311 29 0.4771124781014562
196 83 102 0.30909175866664773
88 361 34 0.5678765733760465
78 362 74 0.595576870809637
53 157 73 0.022291961754873135
153 143 99 0.02119244947202792
195 396 82 0.9860834487740586
132 13 24 0.3663694526329082
82 244 71 0.5387552119226654
8 183 60 0.31732661304446397
30 92 51 0.69969923250364
177 41 107 0.617926458909297
