40 46 64 0.015027838125316384
35 354 64 0.7424021220982631
58 118 32 0.07054114587635019
95 381 22 0.2665387388296634
95 246 80 0.9145072805743416
0 95 97 0.1896731426925653
125 272 104 0.5540237172693133
140 187 24 0.581282826643848
114 32 46 0.9886087281345699
9 300 72 0.5113822907621853
136 347 86 0.6867502015083715
39 121 53 0.05881459299754399
107 68 107 0.01110945819142406
127 74 29 0.3397610265622363
97 230 43 0.2500584786915966
93 150 108 0.7102137467034076
98 388 67 0.161356627929912
142 39 89 0.19606460451872898
5 249 29 0.23071886033938427
103 145 101 0.8704331224146002
44 130 28 0.6320828350922328
89 259 106 0.4710691159029422
67 145 42 0.7315742038674478
171 26 108 0.24208766481080501
30 191 56 0.24168530216038786
98 136 67 0.7990769821971915
12 45 36 0.2812628687972307
133 88 49 0.42615734989207843
