154 70 62 0.24261901825003152
1 77 104 0.8026238297532475
39 306 82 0.36493834679970116
115 344 62 0.7269533302410535
70 242 32 0.33055814621074187
86 123 74 0.18905320996259212
17 392 24 0.5665522561511354
194 93 97 0.7808615183808084
37 99 46 0.7906325218838003
199 302 61 0.2451324835908878
56 178 98 0.2668102460922841
61 295 62 0.6134714840262696
69 7 99 0.892564232855811
169 141 87 0.9575583759609956
174 10 28 0.6648476614620464
20 159 57 0.6676962794085927
160 47 40 0.04626259368356567
52 321 48 0.41962285655583087
55 193 103 0.024394647581813866
163 134 21 0.02278820696490913
84 110 55 0.31368160548644286
