195 96 49 0.46015275512164133
147 307 68 0.9040848125144055
90 218 26 0.8053379764336653
15 173 102 0.6539954714683165
73 345 105 0.15883089799234595
179 254 93 0.6648597319995786
12 95 96 0.34706738160927675
115 97 80 0.9964818813477193
141 316 60 0.7870525753473542
23 75 43 0.691998087978435
2 231 56 0.9914364220331371
104 215 109 0.021161820521492736
151 309 84 0.8286048761189944
55 295 51 0.5895987366457913
74 291 45 0.07146368019436067
167 378 94 0.40974056186063523
15 328 80 0.14637271489354564
113 315 106 0.26930078684898906
143 279 104 0.6173105403413848
137 349 104 0.9659086715782754
59 27 30 0.49570473171722673
91 169 107 0.9447485266588088
189 212 95 0.7621377535039874
40 330 32 0.577879865328299
181 258 80 0.8899565215391839
65 67 88 0.8964307568839153
161 22 88 0.3199264387710665
112 40 36 0.8422005787813351
187 63 70 0.20490334358248063
155 110 30 0.9044260330534805
50 178 46 0.1793027334972851
129 88 22 0.6293835626877596
29 298 83 0.7551520761675536
130 78 63 0.7001544648047322
46 2 62 0.035793335822714045
199 205 30 0.47167604540649066
