118 202 74 0.00698519251238805
97 183 37 0.8462076712222222
91 133 99 0.05394546832369018
56 134 84 0.3190693445251913
73 391 55 0.21647512175771866
150 355 40 0.8262993248053365
112 124 37 0.7759093724888425
111 148 42 0.5667101478076517
84 128 102 0.19811034374981296
164 208 51 0.16492305592300227
147 305 59 0.29065811984906054
164 311 106 0.06626039246040138
25 395 77 0.06950089354721556
179 152 67 0.4935827624973873
43 129 40 0.3678705377133171
23 263 47 0.2315403930174822
90 142 53 0.16166913050437526
192 100 53 0.4587646222769002
152 251 89 0.9218926515640211
28 318 77 0.6441724179285867
128 365 60 0.3749682219810402
160 307 62 0.8690092951432326
163 213 86 0.26132585141337594
102 320 72 0.34381221647816207
150 397 49 0.480980017984577
87 23 44 0.6157625234125299
184 169 75 0.2934098056361635
52 272 99 0.15292070016145554
92 121 75 0.524742132123436
110 218 77 0.2233404550256073
57 171 28 0.03293989440946388
189 123 69 0.47975635040297815
132 249 92 0.23247673378403189
37 199 31 0.793499682344675
