161 71 51 0.5573212622635004
137 91 66 0.942697402817017
64 205 91 0.011783486556699141
9 20 31 0.8438505592846599
9 16 54 0.9252408182783429
64 61 44 0.18252806501846308
16 10 90 0.21726950282098723
129 242 103 0.5560946550297247
174 39 52 0.9249337439980228
181 231 80 0.9680781771206413
121 19 80 0.18822031540924766
7 377 46 0.1349125982562558
53 70 49 0.8362557829522851
50 103 63 0.29083938706406
48 303 33 0.6528434822164884
87 141 51 0.01378253087118586
53 55 69 0.4863372215228804
10 142 26 0.2832666188865729
155 188 93 0.7500783499502832
83 22 43 0.4364876350827581
1 166 73 0.01553386103718446
139 246 48 0.32889404318934745
97 400 76 0.18915746486631857
35 285 63 0.4673509687493529
126 193 35 0.049395169801984995
29 103 29 0.5961474124219969
89 383 107 0.32871105140690093
65 329 31 0.6942105847362321
