20 37 98 0.7921602396231261
48 2 95 0.9610240425619231
47 234 74 0.8960314706961777
141 183 26 0.1959905382941759
163 390 57 0.47207936470699585
103 8 80 0.06429503596042796
114 390 57 0.19238196034415322
178 198 106 0.7896395492977777
30 148 27 0.6194687812003947
165 255 51 0.11543564210828228
109 151 48 0.3885768814498718
132 20 105 0.02877672033789258
186 211 29 0.9081053678780201
183 367 44 0.6348999250881683
113 230 51 0.2119129256464075
108 80 22 0.08388693809714454
189 312 72 0.9531572494883425
123 78 100 0.997869362772257
118 302 70 0.874017479479821
187 93 96 0.4410448200531917
58 123 32 0.7004237549642106
101 385 76 0.34333577750418176
2 172 35 0.3516399151080688
157 310 50 0.8069274484281135
131 226 105 0.46582428459819836
172 153 57 0.6706115035809428
114 131 38 0.1842759872895522
133 252 109 0.1441547314977517
56 316 49 0.45841460779526544
12 137 25 0.09638268873188305
28 335 70 0.8925506629670951
39 140 73 0.2979200056357538
