105 236 72 0.7379005910085263
196 13 26 0.032994797848565516
128 26 105 0.09910017606648824
69 36 57 0.3656557499855069
167 187 43 0.832814917841258
168 285 67 0.8796002191333033
185 258 56 0.8884670870785926
22 365 98 0.40558107202242744
71 272 35 0.15404771548555185
91 245 35 0.43889523504968586
59 97 65 0.3435509084297572
174 224 103 0.7544823938289378
115 65 56 0.43579903730693537
56 162 68 0.21403820195273937
188 376 82 0.7243560706435347
93 10 78 0.2244728864176524
27 344 76 0.34654056775838615
128 142 57 0.68018455943569
96 126 21 0.07910744467845177
133 255 21 0.8041065422842051
188 361 33 0.9933204779011771
38 342 63 0.10500615674711444
177 143 90 0.8230276859988064
12 268 44 0.667901766106625
157 336 67 0.4574396060695449
2 239 92 0.8479093484274142
28 167 62 0.4893573673631073
159 239 66 0.2982921147907299
