42 139 22 0.6415376403844211
150 129 30 0.19373207473990184
140 350 108 0.28040360401959474
165 18 89 0.6930450934415608
51 186 63 0.20978719450280459
193 262 57 0.5583296799860139
158 122 98 0.5832446060868939
12 397 24 0.6914701290971218
76 66 82 0.9467020900554289
191 203 93 0.5151292212200802
145 190 71 0.11842694796844833
154 306 41 0.8523811774726799
192 349 66 0.27495587511127717
13 209 103 0.49480984861453214
1 313 91 0.14689812129421753
80 318 38 0.7794177134271995
164 3 41 0.7218391117086272
132 365 48 0.6477540686482577
44 215 67 0.05862533996415897
91 174 26 0.023140830441654936
133 27 39 0.7206498415240129
42 60 32 0.6908468031456431
155 195 64 0.06907514513234714
136 350 56 0.6243345533742317
149 342 59 0.2714418722872849
92 122 106 0.6325419622694949
147 193 100 0.9949401593356899
132 156 57 0.6406259781323637
8 99 65 0.24101068074065402
