184 332 66 0.7201226597681872
83 381 43 0.72290121846337
199 212 31 0.6927181098560866
125 147 100 0.8744971578662909
117 241 22 0.5929456447178576
79 24 21 0.6686965114186231
74 356 49 0.014661674267226643
194 274 95 0.21946153426340242
38 157 27 0.653229551082789
67 161 97 0.7074681464408199
50 395 54 0.03740548163808255
48 174 38 0.35741740804752975
29 384 30 0.7238936117331058
95 130 32 0.792326506838959
89 399 93 0.5671549800324895
97 15 33 0.335562362235974
162 32 53 0.7813936183008491
154 233 21 0.8045764314396254
45 81 108 0.8556399414756284
197 21 51 0.41181517736627904
148 19 60 0.14138736204825808
14 356 54 0.8954378026669231
132 230 85 0.014520038818635728
37 183 89 0.08168496031448924
200 138 49 0.7646738236592332
158 126 24 0.5143435802392256
