92 109 23 0.7063737822645539
35 174 84 0.7206713654586739
45 257 31 0.3883209658675314
179 336 51 0.6564611528580202
174 394 31 0.13259854068942845
16 294 101 0.996002498662564
21 373 108 0.37877739155851153
62 389 70 0.9806271079862663
43 101 95 0.17415049454732578
10 69 37 0.8939012106451877
80 85 102 0.5480783463358889
51 184 87 0.7275482414915138
22 208 108 0.2481827659838015
17 46 72 0.7791176050981918
42 71 91 0.5932673623113065
137 162 79 0.3790068730055264
171 77 38 0.6608892301745932
102 192 90 0.724815581136104
191 182 66 0.9612274602093953
83 356 48 0.03718229277204699
71 250 29 0.6887105409717097
62 65 60 0.09783073776475426
117 333 40 0.7200049891795575
118 285 86 0.951617309563158
