200 90 47 0.8860351574304185
68 300 57 0.9875420097326352
133 73 80 0.18030157211519704
0 52 100 0.2549636287069833
77 245 91 0.08333965699057366
103 392 70 0.07187072638953795
135 326 59 0.3348458809578655
16 167 91 0.9206466374810036
9 232 59 0.24559053385718288
182 378 81 0.8845739785935264
16 298 104 0.35893454778347345
117 136 35 0.5845521288046714
94 73 104 0.7375509398917356
13 174 68 0.6151576816704831
137 143 31 0.5214439033940734
137 203 82 0.6325860854513988
91 340 87 0.6169775170866629
158 185 102 0.7692252721520206
48 51 100 0.20464052388341414
79 268 83 0.8176120458335817
77 238 96 0.45191556663480814
67 16 71 0.6339883192038677
22 279 109 0.1252231774745487
11 319 33 0.01589830803272041
