108 71 95 0.5640726390436382
194 129 42 0.8048197336537412
37 397 56 0.6730262367042043
7 11 44 0.025787847590348023
21 14 49 0.09982343779582314
54 168 105 0.4377132040775762
15 136 81 0.23676481561809548
129 256 68 0.7691828293110647
19 390 87 0.8236114473693065
128 320 53 0.5243131054382884
161 354 62 0.6123696365739785
33 348 34 0.3516188510874412
126 180 40 0.2702383320295746
158 236 94 0.8861733053398358
55 79 106 0.9454079182828654
107 125 43 0.4803487747255568
171 328 36 0.010396839267832525
140 57 50 0.1144178970329649
145 118 51 0.9353485199098623
12 21 22 0.9002537807418673
163 364 81 0.5981994166986945
63 317 57 0.6825289347493555
6 266 27 0.8003593561018857
118 351 42 0.02316042184851519
117 242 69 0.9695364139278952
113 310 82 0.728098200078187
87 150 77 0.9949278440286607
