65 252 38 0.09897313031129906
51 208 44 0.11852935387220453
12 139 46 0.9361653596848097
88 206 75 0.715401585762313
83 112 66 0.13618540816351843
153 347 22 0.5441378134028608
102 215 72 0.6501367238764781
148 185 49 0.1818534249204582
127 373 104 0.40911525657144765
28 270 92 0.27662324518230275
67 299 77 0.2516937928479668
102 262 66 0.7767537103685872
102 85 87 0.18625113879324806
2 25 61 0.21208409259159045
48 364 30 0.09359693486433784
109 110 80 0.43588663994669374
164 328 85 0.15995509020253318
56 381 80 0.40708684078777246
22 248 36 0.4668498187929192
65 116 35 0.284763590938223
133 354 25 0.40413800561980795
171 217 53 0.903193070808009
182 182 104 0.836415869600181
33 283 59 0.5691649403281867
40 168 90 0.5256165962845786
55 366 42 0.21437228679987308
58 17 30 0.0316839768842061
126 104 30 0.355020950242274
197 192 55 0.8572764664446965
17 383 85 0.08911733518413434
