175 171 94 0.5285051928201722
199 277 90 0.3249365291420603
80 253 36 0.7533662207783678
174 169 73 0.18178383457498948
37 27 45 0.6200242421579043
87 236 62 0.9336423468253167
79 253 105 0.8870187276704377
191 388 55 0.3561132656441677
177 296 83 0.7584729546913603
23 114 39 0.919242446392181
103 31 52 0.8829005420036016
99 55 60 0.16796625424919986
194 393 81 0.5679319899988057
55 106 48 0.9510096721252815
171 157 36 0.44169927222283156
5 173 28 0.0846592064689412
20 241 81 0.7482884746335541
165 280 67 0.15800154329361094
164 93 22 0.48740356138274366
79 297 79 0.23835934465572384
90 213 105 0.7258569381810326
140 217 67 0.3249251190394823
73 128 98 0.6479563105358224
95 17 46 0.6858639328671596
89 224 30 0.5524535523963231
172 248 64 0.9096899882083666
156 154 98 0.8029967165316905
161 381 42 0.6318994415420705
68 98 37 0.33617612258263474
