86 185 77 0.3382988728312575
174 120 42 0.30711692169522375
58 233 68 0.2412286941417513
187 111 21 0.9536574331594917
86 236 103 0.9451734270325328
98 390 83 0.1854119743009386
109 386 68 0.1837869777084833
111 25 79 0.10165419072624704
25 318 75 0.21274182286998877
175 141 45 0.8132955253644029
76 289 58 0.8615333796200999
65 390 39 0.4828893134609591
175 174 76 0.2695662874441572
176 24 107 0.3465805009657926
76 96 22 0.7656628800713019
5 265 106 0.9214418447091572
75 328 93 0.3149770279732398
78 373 95 0.4344304368387135
52 47 101 0.8820968262792735
142 101 89 0.4579953595562841
73 144 50 0.49962597498175687
70 41 72 0.0038209655304161094
191 11 31 0.23592459041481184
111 269 75 0.883702693888955
38 316 30 0.8795421747143016
194 400 55 0.24106729009277095
66 322 95 0.4596378836890519
95 58 66 0.7412418318428083
151 15 44 0.22081057295578144
99 233 48 0.7708296128490025
40 18 69 0.9702665728820247
154 134 62 0.06059638158375358
1 333 29 0.7117522398235724
113 311 73 0.8694659563656588
165 65 76 0.2890935301140066
33 8 21 0.8575739092337106
46 293 43 0.9407266826165189
109 225 26 0.6131235843969617
104 138 47 0.3607517702259794
41 108 83 0.1961662824961159
106 250 56 0.4657771011222185
51 107 31 0.08937527285846647
98 168 109 0.03625067365370149
16 62 24 0.6972614880567414
112 378 67 0.4865329098864214
119 308 69 0.6572140766966331
15 151 85 0.23094023508307615
26 353 71 0.3741342871406719
