130 125 76 0.21937116286524472
55 216 63 0.14365679465661552
110 53 53 0.5028294069617935
34 295 37 0.051190132861191895
128 197 73 0.521102261417842
144 114 80 0.4466107336309959
157 17 51 0.7904132156792655
171 196 92 0.14312884559974104
138 380 42 0.3475101732707071
62 376 39 0.6451393095578245
86 390 56 0.11663754189687292
46 395 45 0.4787092722318038
168 43 40 0.7492958565889434
5 14 103 0.8900517095724972
130 32 86 0.11515882657269871
19 27 77 0.5418849479912258
105 294 84 0.8643041285517431
167 145 89 0.15713839378939143
73 78 95 0.21506809818081174
87 11 44 0.36363280266753106
