34 45 98 0.5216561048724944
42 124 82 0.7343662245271879
157 324 92 0.4385909449218377
81 34 66 0.6216702234123552
23 297 32 0.8185093330710054
170 272 52 0.8928604372997077
46 202 56 0.7529104633038043
25 36 34 0.5578756131167354
89 204 39 0.2616244724756317
65 143 27 0.6862493462939562
98 302 81 0.016128456176615957
134 59 22 0.9470037440786782
91 398 40 0.6598654902381628
98 381 33 0.07003575319798949
92 174 41 0.4615191604554364
148 206 107 0.5032655353801083
59 367 33 0.4988903144335227
90 245 25 0.8269813858276327
161 205 107 0.1906916832459632
147 278 77 0.9911100296562857
47 121 34 0.22814749387241318
156 151 84 0.6115454814301591
117 336 34 0.5806980870577786
94 288 63 0.6926190161594589
70 6 88 0.37592568257823256
119 42 60 0.6148418030065107
186 158 81 0.6071624249015027
13 357 93 0.3339489402139295
199 158 98 0.48707766843864686
179 90 65 0.8757792816670674
93 283 55 0.7495416002983976
88 47 33 0.27855131610771566
49 84 69 0.3998091018756965
116 67 52 0.8192603463092567
130 183 70 0.2243903087335063
149 335 104 0.10370458342779287
73 324 76 0.7033402076618238
4 368 72 0.4680681695862089
174 309 101 0.9162697713048407
