78 72 22 0.9723089761887693
0 99 33 0.8875201065739078
62 360 44 0.013468046579972581
128 229 65 0.41589032521362435
1 117 59 0.026317750016873975
98 234 94 0.9225659464406823
197 136 82 0.26558743364857307
96 388 84 0.319263929134617
163 184 21 0.9735861508858901
148 209 58 0.6116669419422739
158 358 89 0.6276415596395882
47 359 70 0.16897030739437513
85 24 30 0.7370634591285538
22 138 81 0.9889640663272641
166 66 62 0.32162943212752426
61 311 32 0.9005086470473497
54 367 80 0.7019587576546337
44 137 75 0.9530331913101618
172 385 95 0.6367183869683336
91 190 53 0.626652187852981
169 127 40 0.7509419498405986
96 121 49 0.11694290849428413
146 6 105 0.13363376244688097
57 361 98 0.36550548752478607
69 346 98 0.14670617412024145
113 244 30 0.2869425731259462
63 199 56 0.6157643448781428
117 268 46 0.056320684812017574
162 140 82 0.041092056637635044
0 258 91 0.5970364012837701
136 265 42 0.9122713017272036
22 323 85 0.7596586449541661
