94 355 69 0.0077019897777463875
63 391 84 0.33029700925388505
190 274 52 0.4779977409584141
193 208 38 0.10353724277197562
146 105 24 0.42769005603266863
49 305 84 0.9322483323591024
150 63 31 0.08376289770566181
54 188 45 0.06378236562805739
153 230 81 0.2048504685808552
76 347 51 0.9676058935747078
32 341 49 0.9422475954935708
96 99 77 0.9106924923164964
198 226 38 0.20589823701608112
94 85 104 0.04726840851868552
62 180 90 0.71459402142628
0 12 21 0.31553972469241043
151 393 50 0.02665641512603789
140 334 58 0.8356878277894368
3 195 51 0.9712734000556361
0 88 30 0.29810303554912887
77 381 92 0.9831343403437343
150 211 54 0.36179749947071493
152 120 78 0.005070915020228384
196 148 63 0.9344094928062855
89 336 90 0.8362893317139778
183 196 64 0.5267655547109995
