192 394 99 0.7231769744972525
128 50 51 0.3541802404625548
123 91 105 0.14670985706907225
38 196 46 0.05425831478762966
87 1 69 0.8338410207172496
139 63 31 0.3401263072414681
2 43 27 0.3800706072586145
129 234 97 0.7281140634824129
15 177 46 0.45755931165247343
149 153 98 0.631707081485085
54 85 46 0.8897973797247172
17 248 96 0.17145163771829508
121 145 104 0.9051693569243585
94 241 70 0.9561417318078143
110 152 60 0.8516158033472743
112 331 28 0.36789363290452404
71 65 72 0.10879241264990003
168 248 48 0.7633933062218499
47 87 45 0.5529400091113554
104 218 105 0.26357409260695785
57 161 43 0.8208258677188505
47 266 102 0.6404852770008517
63 203 59 0.3753089464919047
199 287 87 0.2055433343101276
80 68 59 0.8366514665861404
