187 272 62 0.16883236839452187
134 226 41 0.7803636745510033
183 70 75 0.22040525307988235
18 14 21 0.6466589918881293
35 345 43 0.2971826362636988
70 363 109 0.7678787848626493
130 162 52 0.591273377582618
71 11 56 0.35893909756180176
112 120 35 0.559003259831961
160 387 47 0.8152570113166889
31 309 80 0.5877816113148535
73 100 46 0.9616515333044973
112 128 101 0.9926004211050646
199 91 63 0.3259067045922599
84 136 41 0.7187084864750352
161 366 87 0.8760522182929463
148 208 105 0.3002426663813844
121 36 48 0.18768410077332365
192 53 91 0.5641426751029638
166 349 51 0.6723423485962002
194 286 85 0.8399750066396641
69 86 77 0.27029103826647305
166 140 96 0.7826409125800975
134 28 63 0.26945620685254956
45 41 68 0.7040998966906645
183 229 107 0.9725370422936076
118 95 34 0.15874775321446288
63 384 93 0.39164630501800757
121 238 54 0.36070716180382445
90 68 88 0.15198494929468354
20 70 30 0.6338856590739614
149 27 96 0.2872142128186901
113 149 57 0.4296453347457384
51 37 82 0.8509635816973846
69 297 104 0.03556591002701259
