161 8 44 0.8678902609263263
76 214 46 0.6447994703636442
38 124 86 0.5127920099372397
34 178 36 0.32560581669824085
111 204 73 0.2439499793550467
107 363 26 0.2676209636454514
26 269 26 0.6993364655014989
110 338 69 0.844563227591801
10 98 25 0.8646736521009157
39 202 22 0.6913870882746558
57 72 45 0.848675905313746
28 69 64 0.04823299265840386
179 287 97 0.9917667356399098
174 83 62 0.8506258419247882
162 275 94 0.8919970785792628
56 286 70 0.22075262920405003
62 42 27 0.9854576562542907
73 168 64 0.8284428251284652
61 20 84 0.4069876378353936
80 290 73 0.34380286510660674
153 245 87 0.1978810551404473
75 353 77 0.265015949185059
171 134 58 0.3833910928933957
51 164 66 0.789581737833497
92 205 91 0.9746120175809656
31 49 56 0.44327960095234
