169 305 65 0.8223669898472816
128 173 71 0.5228879796419029
180 374 55 0.3750865121149616
46 378 107 0.6742477386047319
58 302 87 0.8769272822840362
126 286 101 0.3853827638043358
47 11 75 0.5296820616701088
28 167 89 0.8515243052202338
22 382 42 0.25384389770311866
25 140 70 0.8489448876427268
82 76 100 0.2662879503418233
26 11 100 0.8219661173845245
107 290 51 0.2964173564359238
84 10 23 0.5775185518258983
137 254 63 0.9869592278541964
173 247 94 0.7880440883232227
165 40 89 0.8958560390410669
143 131 70 0.5020324785273325
132 265 84 0.13455085546125567
14 123 77 0.8427466802471727
90 184 57 0.9490307813770025
144 188 36 0.6180334643776818
61 314 107 0.11589428585109196
166 201 101 0.2890931482671869
149 400 106 0.5366980115600388
132 194 76 0.4780776889712416
7 250 49 0.6958816827825346
71 272 66 0.22087730393755522
53 395 47 0.12297336068267517
105 70 86 0.2904797056217172
13 104 59 0.07215932678271475
143 288 35 0.2061935996299331
