187 53 48 0.06547834428158583
53 315 78 0.8029711526375406
40 293 23 0.537444199457355
23 108 68 0.3712223676684344
138 8 27 0.015318451427454471
80 245 77 0.9763905841882389
37 363 50 0.2332609907996589
135 365 67 0.11469106150829711
33 347 104 0.37723875974748733
188 341 27 0.7248369255284264
140 4 52 0.9990257941970968
7 20 35 0.7319389908585318
34 83 22 0.8699717708428
99 169 59 0.38324576589697634
175 133 51 0.6815356978217549
136 282 106 0.09850523496756602
112 200 86 0.0724749901302627
49 104 82 0.6685982586262412
44 184 43 0.7501473327279439
163 218 90 0.34542123759996846
140 10 90 0.022213206253170026
124 270 48 0.3598813714385968
123 23 23 0.8745447000089243
199 400 37 0.8657581704220378
161 182 21 0.707277035108823
148 331 78 0.3931977044069612
57 76 75 0.06026332866089368
45 313 21 0.3174079081368011
163 346 61 0.23604229130686272
4 56 84 0.9959129824111433
149 336 91 0.8005686906873096
82 313 66 0.00493950297199075
109 104 90 0.1922342465700283
112 222 109 0.165675347717542
186 381 24 0.252454127733453
