150 342 30 0.7689559696290751
26 210 54 0.6665813093777285
115 319 85 0.9137840777125579
158 117 107 0.7939842324707418
37 157 84 0.3650227455475039
198 315 45 0.19689848309080948
132 128 41 0.7789209055735313
68 33 77 0.16035843691517626
149 190 33 0.8300663342385031
194 127 65 0.5006774659205382
84 306 67 0.5289428062606323
22 198 95 0.3701469768061263
78 156 85 0.7997737607399205
111 131 29 0.4020564985023536
44 344 64 0.6470220240168635
141 292 102 0.15272928182341095
160 196 22 0.7618050032801355
122 128 102 0.7142266062100183
16 317 78 0.890195125564096
78 330 22 0.3135919002191605
50 13 69 0.3658441937877406
14 301 89 0.5719502751928733
174 367 33 0.2156410208488444
133 144 106 0.27766407055126063
94 266 61 0.800819146685726
151 123 23 0.3079813778659902
167 384 54 0.9849619478677274
116 56 103 0.021751080571177805
73 70 59 0.13781675397012738
175 194 49 0.09215004387129055
93 81 41 0.6228580294686384
130 143 101 0.7052066932410525
143 159 53 0.010735149066148253
