197 212 63 0.39732751905475217
32 53 70 0.38307473030232275
65 81 50 0.21396116940194054
141 128 52 0.7066811059712129
38 210 64 0.8773926479135387
147 58 97 0.11907310009683503
74 341 39 0.22652201252933535
34 275 28 0.07009101283976249
130 18 49 0.7810765202333525
120 207 30 0.9919324327751813
97 40 32 0.05444317871271054
142 129 86 0.9275024568757991
147 24 79 0.5329694031066385
92 222 43 0.4985689068341469
2 334 90 0.41894069696150316
67 6 86 0.6679884361752384
54 289 35 0.25388813384824027
48 138 94 0.1961401255903248
29 345 67 0.8092209401927762
88 382 54 0.31663183612846013
156 103 94 0.28957069152246584
134 172 34 0.026845196865978194
70 295 28 0.052008539499533546
49 154 72 0.05702863483541054
