54 136 44 0.2231726384233601
94 130 44 0.6378320473772826
79 133 61 0.441899344806551
2 231 93 0.45437409571081533
153 50 57 0.8537996279559227
91 370 105 0.1783114481933873
66 168 28 0.6618472367182954
78 157 100 0.1815131242492134
11 189 109 0.6343468153678525
148 70 107 0.3385338373756165
82 378 38 0.632519756404706
65 390 37 0.8018278020469235
94 112 46 0.5256366134069818
142 220 45 0.6358284780004477
147 63 67 0.08582117175190984
181 166 56 0.35065453296504623
30 76 109 0.1477833508136237
32 334 104 0.6145430318412133
115 214 85 0.4479952524393216
116 376 41 0.47668143707580823
27 144 61 0.256567312663031
197 63 56 0.17230482720985296
2 284 105 0.7325758988948776
108 380 52 0.5958104362491491
116 303 96 0.26919182422289667
