29 90 49 0.1458051660866586
150 298 39 0.21217777080683575
20 239 81 0.26871744777390616
91 167 96 0.7814597977979421
116 321 42 0.07152861399584642
140 268 63 0.7432570903184961
66 37 74 0.9788983339794091
168 188 89 0.38504924955732067
51 240 38 0.5123005412227387
95 58 99 0.13249086527018694
139 78 54 0.821037406962865
22 387 71 0.46990880043877914
83 320 94 0.19258818311962755
20 330 104 0.0014122115174513006
91 154 33 0.9939577967436849
102 265 88 0.8737321110724592
117 281 36 0.38984474974122907
119 11 40 0.20978887108350597
193 149 45 0.48063636588185454
9 341 99 0.47180342221145843
39 190 80 0.7967035748435348
82 349 67 0.8430929437194254
77 74 33 0.9233945620614014
21 142 101 0.35942361448365723
183 6 107 0.8349087843679873
