109 179 69 0.4948508276959037
53 55 36 0.23743768265704868
192 244 72 0.9890626911393535
170 31 93 0.5837865486801607
120 199 90 0.5892828410634582
78 380 24 0.9056811275809667
3 101 86 0.2937496431994485
143 123 109 0.026076499827808353
166 106 54 0.38966656704440417
123 239 39 0.42201543743464354
15 180 103 0.13526712716302636
158 229 107 0.17077630625768625
69 99 25 0.7368274569324706
165 282 25 0.8265925398727402
13 197 97 0.9510709795255604
161 38 96 0.7573084578481835
199 59 43 0.6022888131980089
10 79 28 0.30273648700780365
130 172 108 0.6998392447401021
144 31 102 0.14698210081551988
50 281 65 0.1704695243858837
41 285 82 0.3333025622193665
188 396 57 0.1437386340140171
134 310 35 0.5897383772943229
179 2 109 0.14028667217769242
196 230 90 0.6032634714121292
80 345 57 0.07261059622602428
107 122 24 0.5773763784894613
43 19 83 0.8511571231512679
130 140 100 0.3877699088053884
190 301 47 0.8546861201746764
79 42 70 0.7548561370304199
165 225 47 0.3924548154123414
187 58 22 0.16378852547685752
131 315 74 0.35476141976026787
