114 19 90 0.34413272659115857
177 120 38 0.3919884675909804
146 176 41 0.456282906535321
116 114 54 0.603851664771624
24 284 103 0.37962972675249174
20 329 99 0.3937593525021481
198 47 105 0.4050688750642878
22 174 76 0.4288709075098388
94 302 54 0.7467102453523959
35 124 105 0.06853656524918872
132 233 58 0.6703364398723639
15 327 49 0.11299034744010994
135 106 32 0.15936051913959548
144 242 70 0.9297981311989234
17 247 73 0.4751794753138582
175 3 39 0.6512942056928931
19 32 51 0.002962674967703194
199 185 27 0.5268523250841805
194 125 80 0.5088499167951677
96 57 45 0.7104383948710088
103 302 93 0.9962580979033564
114 296 88 0.9866554403931453
84 28 34 0.06733837958472533
117 364 27 0.6653316529543503
42 82 88 0.20983806514083136
7 338 68 0.6347108062442702
131 352 27 0.8114844033770159
109 46 99 0.03516173451116611
140 210 54 0.15250700871707246
28 367 87 0.20729964986089344
41 134 68 0.25754368480378154
41 240 103 0.21699780883726638
76 132 95 0.5279557032448733
103 52 67 0.816528471442948
27 208 32 0.08128773374321863
