111 155 102 0.6440868415512627
186 52 93 0.8654663849771135
146 396 107 0.10412672332899708
70 251 92 0.8314058112592929
110 141 93 0.07612521802130257
68 195 44 0.6100553468088944
191 220 68 0.7851582419549532
87 19 32 0.14614778745612944
55 180 50 0.0020699908251096133
177 320 77 0.31624088888751867
73 266 104 0.02741983271442483
109 287 99 0.4275967909180315
26 79 50 0.6791411709006941
200 358 37 0.4722901951287731
7 77 66 0.9583168342003674
119 285 45 0.5070060922988131
150 192 23 0.23251128353857353
153 212 41 0.5721600527391564
182 170 89 0.8006380547882574
115 15 109 0.3282464860366979
30 175 59 0.5722324552983263
141 145 64 0.5079327519806431
112 25 91 0.2056612519160701
25 352 37 0.1280290962252978
109 8 67 0.7888210302578388
190 22 65 0.20517060076221194
112 379 81 0.4748882295550759
