101 77 60 0.6715455495503613
104 96 106 0.7357369095580176
78 226 96 0.7489756337791085
137 6 96 0.1693926121516739
29 49 43 0.5129958922515878
119 291 102 0.39791556828099317
173 169 56 0.062102429968809436
80 64 104 0.45865906966178593
40 230 24 0.4183797319125072
30 382 59 0.8371335105057273
114 31 78 0.4217112958168814
49 155 46 0.18650958028557507
39 342 30 0.8677949678890071
4 152 100 0.5505054969108042
197 71 34 0.32721287220569584
126 151 93 0.3467549951890825
179 15 23 0.8905424565002531
145 22 102 0.8546683757401639
70 355 31 0.0837774094681426
20 220 41 0.7092901473948566
22 111 45 0.9956618940516695
77 43 52 0.06571455967700068
106 208 26 0.19951822026631472
44 166 84 0.7473316354976829
77 171 84 0.18109507818773252
25 120 37 0.5778240665677318
197 334 101 0.43992621563802636
161 255 49 0.7232339969122087
195 345 41 0.30434490328548003
10 272 54 0.3041521607348341
18 147 80 0.5220798375839542
72 61 84 0.1259790326503094
