103 152 84 0.9981640201099762
26 166 49 0.21052784416012615
54 146 67 0.7634656854049331
126 91 26 0.5583392488742391
146 97 32 0.042804940072084796
128 126 38 0.33044753081731304
78 320 46 0.013987072360116537
192 8 31 0.38442035720208034
19 373 21 0.38268283187569907
175 214 35 0.601144140964588
46 311 57 0.7744097925223932
126 154 46 0.03848706215937747
79 52 105 0.6699681568693768
110 115 41 0.9926630611511141
170 315 76 0.03208278109928986
157 268 55 0.5430989539025576
152 312 46 0.6968746929596801
116 356 83 0.5406599281895772
154 164 26 0.7980258254533923
179 261 44 0.6585618976394743
119 42 73 0.6959649143739962
177 102 100 0.27340890403907203
121 148 42 0.664152424394453
36 233 56 0.26867195454229853
0 87 69 0.6579567122089077
4 357 107 0.4493310826649385
39 51 105 0.997827173676827
128 258 79 0.26546614594704476
80 232 57 0.2728819889463241
44 33 24 0.9510050927915413
122 16 102 0.1858730243718164
41 319 78 0.8961399841296789
176 57 60 0.16623771858621716
10 302 68 0.8100348326699915
86 322 21 0.6891590846261116
137 227 55 0.5497453818285204
30 68 36 0.4448585213097044
69 26 55 0.5029619597432954
