76 67 103 0.5622835967067635
21 161 27 0.4625740733632049
52 144 24 0.5201220489600256
198 341 70 0.9283137566947945
195 113 49 0.9437093886860777
137 134 24 0.46087786791016294
45 225 87 0.7209995670382444
40 384 36 0.9577236776121537
170 254 62 0.10015647017643059
178 117 106 0.6884587008044636
44 32 71 0.2651831569917005
105 176 80 0.3971292533055576
163 215 54 0.6200268121451377
27 166 107 0.9699228616814313
132 263 60 0.13846176954246492
32 241 42 0.5294523885615767
21 307 96 0.48601713627074483
1 123 67 0.4848490483293101
31 78 57 0.42590533522321317
163 59 81 0.8140340826192833
171 179 85 0.17384070129793405
168 58 42 0.31167961495329743
105 338 52 0.22752401112614484
177 201 51 0.8428162726662818
137 109 25 0.1426630991682537
67 374 101 0.7912491803728445
69 47 80 0.709581257707685
133 344 85 0.8801913626146378
10 32 105 0.10165398749294796
147 264 55 0.2593318932301043
56 128 108 0.9112536142993223
182 123 23 0.3852087248759377
152 65 90 0.9103577137735687
94 259 53 0.5316087952591693
137 87 60 0.646523247011188
77 181 48 0.12327327934723897
84 269 57 0.30046335715562633
41 42 82 0.6384570781705285
157 47 70 0.5523023542752452
116 220 72 0.9704071507897234
130 10 96 0.40003101637161886
