89 226 23 0.691457790043836
19 234 89 0.47173459438041254
31 189 48 0.03401569685529293
94 269 33 0.19629589643929313
196 254 103 0.3327191295792794
141 251 57 0.557946231220814
113 373 71 0.6856823504559829
160 265 85 0.5726740732619016
122 41 35 0.6809383656602099
97 64 87 0.12855723460870594
21 380 96 0.17330741950039974
28 333 40 0.3188167843301858
176 184 64 0.9827889598841324
21 261 87 0.9981186606783704
129 397 106 0.8912546149038851
85 214 42 0.7956995187254199
110 398 52 0.24952498345404261
145 321 64 0.07163387362677931
127 80 108 0.019462521382771825
70 289 48 0.6870352081079997
157 344 26 0.33826126128555156
34 353 106 0.11287563489215902
55 328 55 0.732732999029846
57 251 27 0.5997235030541049
175 160 61 0.6766743412130987
74 165 28 0.3931824408692609
