151 274 55 0.1573811709977675
101 242 65 0.23742043854022632
90 380 65 0.6185072181445997
17 102 102 0.9859124143121474
154 168 84 0.5178614994629515
139 151 41 0.8767689613031441
184 12 27 0.6535939058876337
52 49 99 0.18275442177334889
132 240 106 0.2346386969368044
188 115 59 0.8420847369631397
99 30 54 0.6396858667149998
173 198 67 0.7398649533183901
46 106 21 0.4304921591923351
15 188 37 0.1818239705026231
135 198 59 0.03799709616311653
30 9 70 0.8929427129084799
5 319 77 0.10989693563234815
184 260 60 0.9148332458735023
161 166 61 0.8474230002594175
154 290 77 0.7286964234663321
92 295 81 0.4806255960892687
38 362 30 0.10726790932449726
26 141 83 0.20439278269147143
64 378 74 0.2322605018152063
62 158 80 0.9806687517384197
52 110 95 0.8869778141941038
81 173 92 0.10135367102158888
91 65 33 0.4721971620390265
