45 380 46 0.6378348247320871
189 16 94 0.3726785594338099
18 53 106 0.16009171257940447
123 355 109 0.5770743364064116
154 53 73 0.46935703831842257
115 118 28 0.330325212592527
128 64 95 0.1117171829928808
78 107 41 0.11668707095527675
189 337 76 0.5389273516519032
5 159 27 0.40873064499116374
120 315 109 0.456901392584499
6 82 108 0.925818144182398
134 31 105 0.5449427456691883
48 263 79 0.36122905346637957
158 212 87 0.582920316230715
1 93 49 0.1886497288802944
21 319 40 0.8053286848065576
156 384 91 0.25599569394551414
194 69 50 0.769932129465581
175 2 80 0.6391131151972801
