34 222 83 0.23555218753395646
48 335 30 0.49555910971678985
173 191 99 0.41237604537666583
1 97 96 0.7017824423019793
40 73 58 0.6637233452420549
181 126 55 0.24407195982340146
167 216 28 0.3043853452593578
35 226 25 0.2802223530351877
93 210 98 0.573421838325211
54 257 24 0.16807453457177857
124 392 96 0.7348006287829391
101 376 87 0.2652587456030199
190 149 91 0.840971388861868
0 1 51 0.7299004021186657
185 382 77 0.34104175082851185
195 301 52 0.7303305992763576
37 211 104 0.04877511283067504
121 222 28 0.35952067612815575
39 172 107 0.16356052995035586
32 306 71 0.7780233472876761
149 234 64 0.44208886322383056
24 109 88 0.2080160919562246
100 242 75 0.5672382426263037
66 312 87 0.6387909238572217
187 197 24 0.9126976004403085
117 100 79 0.376164116931347
