114 203 50 0.20926498203655686
140 305 105 0.0895546053737537
44 25 21 0.24580686054977519
168 26 29 0.7539907948320422
81 133 61 0.43063393133279115
12 192 92 0.7066208528855369
86 275 63 0.4454158954818874
140 208 42 0.2128343965090017
88 224 76 0.7350959564627951
82 333 51 0.5164764898755642
184 199 64 0.01877284192995199
175 258 88 0.5827090663159543
167 114 56 0.33126941235601304
158 343 86 0.5217260594963538
171 200 88 0.5833533702512224
67 369 51 0.768439102413464
191 273 21 0.0911519434237521
58 6 78 0.5188023950123697
41 392 87 0.46976866859189625
141 167 24 0.7290189848399302
196 370 59 0.9216143497446804
46 42 54 0.16602833116370674
146 328 80 0.8737870128747588
26 320 34 0.24528149411274225
98 400 29 0.024308768936794345
47 26 31 0.05144718035893181
93 107 65 0.5335359621678885
43 39 34 0.5266600209680917
33 122 103 0.9199568548954449
