69 95 33 0.08606967304855684
9 75 80 0.6619725759369847
54 317 22 0.02936520296414158
24 1 78 0.10496222300265601
49 261 46 0.25751559281028413
102 14 22 0.49375167278871157
95 252 34 0.5700615120800748
97 274 56 0.2621177297847904
66 293 39 0.3746856200574119
186 253 46 0.7391633760809749
161 50 31 0.8440656888241431
89 292 73 0.9784276083112581
5 316 104 0.42516851476503537
103 244 38 0.8413888298821919
62 387 98 0.29987726128185865
195 59 80 0.44498261750838086
195 104 81 0.9851434391560119
116 266 37 0.8279998923426215
150 219 104 0.08452874818632483
168 349 104 0.7895014566932843
130 330 88 0.71524887566983
16 172 64 0.1390490146006269
66 352 40 0.5888262531230097
122 70 43 0.15059409956108094
128 314 65 0.09524983771020601
41 29 29 0.3453172219887566
178 253 107 0.20291539209747478
160 322 50 0.44755048321927404
188 370 65 0.6672273787845574
106 122 42 0.6569308816573657
192 397 55 0.10903643517253592
183 177 40 0.13994571458221106
