22 30 77 0.5940421552008914
5 144 79 0.4662497062204335
59 50 23 0.4210281675449693
148 364 74 0.2908088162272702
134 60 60 0.5748424434959944
92 199 54 0.8440270484276007
110 204 100 0.9208023210216494
149 106 26 0.28418551683401394
24 212 64 0.38999838086027294
154 396 62 0.8926499500038134
150 32 90 0.6244721053545245
89 171 87 0.21739538571721562
55 210 105 0.6423279922665405
167 398 37 0.4372022895689094
148 176 107 0.687493722127842
194 30 41 0.397381161171388
134 308 35 0.797971272756424
194 352 42 0.6532224321086706
152 291 69 0.2246465380252678
197 9 98 0.5814841980945378
128 376 107 0.8259511405666707
192 301 64 0.5458218103189214
