135 257 48 0.19135028843414692
152 361 76 0.7104054509968519
44 330 100 0.9853502504493927
101 201 24 0.1480544791164925
144 174 47 0.3361936947633364
188 214 96 0.08648817831537059
104 12 40 0.7936389061354638
196 74 100 0.8270425816639488
114 59 92 0.33038328325044
86 73 29 0.8203440699398851
84 258 64 0.5936512047324244
90 192 102 0.1912084963675681
22 3 103 0.6559916791984048
24 289 44 0.7445220827661213
5 88 96 0.570544022561102
107 44 49 0.03968392127086939
91 382 90 0.23219580092114056
4 81 47 0.7721254643330959
144 223 64 0.003898074368589244
29 74 37 0.25835563413165796
182 352 77 0.3872152977933455
6 364 47 0.7740118300026171
133 282 59 0.3492494978230154
158 58 49 0.3327709071504067
61 365 76 0.5638591800543797
61 132 34 0.2608460764147993
73 91 99 0.34556680149643715
64 169 64 0.18655476023370055
166 318 25 0.1055158650729714
21 229 84 0.7949102628589765
38 10 36 0.7304554604001541
