88 184 84 0.6731069982228778
13 67 22 0.5891808509016708
76 367 93 0.015019054660415532
192 350 74 0.745297096111571
12 332 64 0.6107789471062155
114 366 103 0.8690522163618406
31 313 67 0.4731899001572051
20 136 47 0.05261676323157394
116 398 29 0.9370297058017153
81 315 60 0.4256744570137576
200 41 50 0.6209017135967966
79 249 32 0.375085871038783
135 239 90 0.3902863446543082
115 100 105 0.15871499288969348
43 166 44 0.3528860675394315
34 204 37 0.41319633010073265
55 238 62 0.49805378419225854
73 277 78 0.5433567748652748
54 206 106 0.15164855014299128
197 250 92 0.7753087116721118
166 50 61 0.8325266699080007
185 151 102 0.32515253789156406
43 327 59 0.33445421878157255
182 255 29 0.9281990657764617
154 294 102 0.5939645743887706
134 309 37 0.5784867904351639
