161 114 107 0.5036256280024806
147 58 44 0.4972151962877258
1 311 28 0.03395949296187484
166 173 73 0.04607806942530979
92 72 49 0.4218745803736462
186 244 100 0.6216073703827849
73 145 48 0.27507899552279336
172 359 105 0.49411944000321883
88 259 25 0.9213125361564695
147 45 99 0.9826771755241582
31 276 101 0.44218057920857423
175 131 81 0.008195506966283017
128 341 50 0.8490299850437306
4 227 46 0.799296420229547
185 76 50 0.7425321083130657
62 272 99 0.8014007955632074
11 227 55 0.26764401424749773
116 242 75 0.10656669563337562
125 87 82 0.478793836235905
52 230 76 0.7208657561201277
28 347 52 0.40553337511567766
54 40 29 0.296175660384729
78 296 33 0.21903018829243381
45 302 37 0.5572532375889572
156 270 52 0.27891579466311023
69 134 67 0.9466816370038772
100 237 34 0.3794152271487432
14 118 67 0.8669033802225102
70 342 72 0.6610144095922711
4 43 37 0.033203928842630126
