105 258 73 0.593149055766396
147 39 43 0.5493370712707369
74 357 99 0.05583922206968406
162 345 96 0.5380862736545365
32 299 39 0.030966026710484318
95 233 101 0.4379181181752533
86 352 73 0.7374115825685005
76 135 53 0.19259556646838416
103 321 82 0.018272745793485923
89 121 106 0.2801497636357769
178 235 71 0.8623898160501663
184 40 60 0.26834031304050543
181 343 74 0.6938113592357117
54 366 67 0.5939896788668468
177 366 83 0.18997083146827332
83 377 33 0.013051003680596307
27 218 40 0.8483269728033302
34 292 42 0.4972514872917885
136 195 28 0.019276503515103127
95 207 104 0.8376225919986104
0 334 46 0.36364613347711516
148 376 75 0.8881022757017608
79 5 52 0.7781153667897672
97 18 64 0.04795054988049863
104 147 25 0.6434545656524995
21 146 78 0.213707681887366
19 398 100 0.17168964849537893
69 293 30 0.4371314191820894
134 151 31 0.18108604930301364
17 199 29 0.9252946527739836
64 380 106 0.47695741486731613
59 170 89 0.9779765545466385
155 399 78 0.3118199567027271
28 17 47 0.11311229582028359
91 291 45 0.5978965102152581
