167 335 57 0.2510694315137544
81 329 57 0.23708929959421587
118 75 92 0.804309280192346
109 124 31 0.44402185736041133
64 116 37 0.9324007780622087
150 165 87 0.4540803680768285
145 244 35 0.6152360602735919
140 277 109 0.14431143426015824
189 279 23 0.42094747190817283
150 144 64 0.21503639121053753
198 202 49 0.9259232062635162
137 85 35 0.48363449095833744
198 172 49 0.5311974124041486
123 120 47 0.6470146237660316
107 62 34 0.7414867652251023
197 167 51 0.7885690390358284
180 89 58 0.7170001128057306
129 299 81 0.27795471250444315
167 283 41 0.3209061799895244
47 321 97 0.8028175934595247
195 37 43 0.4181426405270273
105 327 58 0.9038082989712345
134 91 26 0.7151503836672002
2 123 50 0.3637032960394062
42 232 106 0.1836665616098343
13 296 72 0.34886675680524326
80 358 109 0.2971428322665768
48 82 74 0.09127000304925181
101 264 32 0.9252440471635152
119 99 43 0.24001289860860953
125 62 28 0.8394641444758977
174 254 52 0.727273630010318
52 200 52 0.3452787676803394
16 238 59 0.5795217735000775
162 258 39 0.4116387794221913
