47 395 71 0.22287912605861138
22 73 67 0.5337809894017865
9 310 25 0.3935155416294507
11 116 46 0.6535197191968347
28 18 23 0.9526468969998875
53 62 34 0.201479231821881
80 363 76 0.33796902038084564
198 222 107 0.7818155680837303
183 145 45 0.7857566996698941
94 325 23 0.1197039556743964
142 225 78 0.8993961780301706
50 351 33 0.06299922547532977
194 340 22 0.43328080631285504
94 37 39 0.6806579718660993
56 127 31 0.03794633692110483
148 52 43 0.7133474888427944
143 246 24 0.22313096680188915
159 74 87 0.8209801629920717
154 39 69 0.47727555773661756
123 189 102 0.11419386172165402
16 260 87 0.7824309625962959
31 24 54 0.2487160864564565
125 201 78 0.461118647927215
171 110 59 0.5027738843226192
80 353 25 0.6505146528797126
33 106 31 0.20402099806739327
22 130 21 0.3264269580597564
