79 85 85 0.09011520174480903
43 84 56 0.7391528380937545
94 59 45 0.3363193823471854
119 253 41 0.16122885460558223
184 103 59 0.015630717782661452
56 375 88 0.04260689606894785
118 165 49 0.6524422046188881
47 141 50 0.4989082651421438
0 94 48 0.7044236092260137
74 151 85 0.4558616681599653
134 331 90 0.3107025177590298
188 321 52 0.8539865633332766
5 69 38 0.3302577330076193
44 57 46 0.44841852524418757
14 217 95 0.4592205182534107
11 47 82 0.7391540419108039
138 366 84 0.2355475761632302
103 292 60 0.3028347794350309
127 185 44 0.5004976817866592
137 376 52 0.5186306258631275
155 205 36 0.7639674970152212
