91 326 52 0.8879887205921287
132 376 87 0.6024498420067277
157 10 35 0.11572599809846551
67 256 51 0.7113457165073178
148 121 32 0.06402165105212232
43 173 100 0.9820024118396735
170 354 64 0.6950460875480462
113 340 64 0.6030554610767842
116 111 49 0.1432239657273593
9 90 64 0.4370311798044081
121 385 30 0.532227311136158
48 130 55 0.4372364748629656
145 356 84 0.5768555736502342
87 265 71 0.35191610383505967
180 342 37 0.34038576519317665
168 7 78 0.8995036801576979
134 366 31 0.5058334496873796
76 232 61 0.4804641071356126
69 156 57 0.47501555087903624
83 66 42 0.8618629206572811
90 212 84 0.13052275519605183
112 353 42 0.31857302189193226
158 250 37 0.7513255137581243
133 101 25 0.7238953707226234
83 145 30 0.23052122176017953
200 343 70 0.024404500869001144
121 45 91 0.709575370531445
170 54 65 0.5071511197806509
37 67 103 0.47560878149080765
100 313 55 0.11539214680498211
109 89 74 0.860812234880819
