4 350 85 0.5852621167558784
168 295 48 0.8426309617101451
50 134 76 0.5103203785763314
187 9 71 0.3623329623630517
75 347 33 0.8952919317258099
21 382 83 0.046273464250118246
136 204 81 0.6397972631072295
165 325 82 0.7207013932800983
129 153 51 0.08691749544025518
155 281 103 0.829224136538518
49 304 100 0.6646311827397963
155 322 84 0.3400334285702007
101 382 21 0.08913332796838769
92 325 100 0.15748294724101064
36 394 59 0.8651479041365697
102 18 89 0.29109122970739887
131 22 75 0.10008839404055958
114 59 58 0.36145671177790284
102 347 45 0.04999985908384341
127 326 23 0.3136635542469025
56 301 33 0.2502419141332525
87 163 92 0.033495624565310855
190 197 38 0.3636401594366684
155 298 22 0.31696447298553365
41 28 66 0.29799391179970447
92 11 64 0.5757472854941981
124 185 27 0.31504978224260904
77 17 95 0.48931946668845494
93 65 31 0.6882448887130226
129 177 39 0.42946580291880543
82 277 109 0.8526286473868842
39 37 74 0.8371033155296023
41 300 33 0.45287025258739055
19 4 41 0.06321993733453435
