129 101 50 0.8588735994840626
149 336 100 0.6813875393520306
63 18 57 0.41311034943244507
10 377 93 0.18461994721750996
167 250 61 0.6156353639097841
95 163 44 0.9552364999390701
160 23 44 0.821862514400484
195 178 59 0.43504399637579605
71 381 44 0.5628414168598115
12 197 60 0.4338315496967644
167 290 93 0.6165307331355615
143 214 51 0.4105793940499868
64 200 101 0.953588208915316
154 398 54 0.6464945724505522
29 209 87 0.17895117086034507
38 72 105 0.19006753551117628
8 58 94 0.6729556597053458
138 390 77 0.2661667209734979
148 211 28 0.9466611626513715
88 307 98 0.21763614371278028
178 331 30 0.02504484898841053
99 110 42 0.27908443860867316
80 54 63 0.33444085970870574
16 249 101 0.5828272923600742
49 393 92 0.3179671257030233
179 184 26 0.3455262088050143
140 348 107 0.7556968675217268
148 89 29 0.08228851059995035
31 145 106 0.932078793125496
7 330 97 0.028714068882316868
99 133 62 0.44858226263661316
55 292 70 0.16924180366692898
144 321 45 0.8476759373426178
