168 79 25 0.9468073375699415
174 34 109 0.19684733785068254
61 104 46 0.4453708055098414
142 317 91 0.9077878114224317
45 248 36 0.3909800743168411
117 271 36 0.6307709796016819
17 291 108 0.8087582225614467
191 223 39 0.42599566555311086
141 17 97 0.05722841591704497
51 219 41 0.509609442467141
155 43 45 0.6684419633034764
151 365 74 0.6780880744743242
171 171 56 0.09239076793274703
140 273 61 0.12881205184937794
129 159 47 0.6710257819898943
132 162 66 0.49471183707338007
62 241 29 0.3158119770630675
128 106 108 0.4564075691786733
