68 92 31 0.6980737095774648
48 289 98 0.4029102247746552
3 96 67 0.2560693236925108
25 296 101 0.2066678722471672
172 42 89 0.7619976987640819
196 54 39 0.33924460231040765
65 158 23 0.5496003093027199
186 92 97 0.24598012958547744
167 141 105 0.2300216562633357
18 276 85 0.8926297710063965
127 213 36 0.8269159456186387
25 138 41 0.637092715625396
68 343 56 0.7622908938265752
97 218 87 0.9200831171332644
130 147 43 0.4932305973008745
165 356 55 0.7838408633510493
182 109 58 0.7581024743046645
16 51 62 0.6153531953882044
178 106 25 0.05978322538519654
104 186 106 0.9640362987900054
70 131 91 0.9038720947663488
73 290 104 0.5091367631737163
8 14 76 0.6735588534122084
27 21 67 0.858833089403134
194 122 45 0.5202513534394237
6 172 109 0.43003521730746663
192 302 29 0.45891849703777676
2 128 62 0.991781648563442
