181 306 80 0.9487762358581835
29 158 53 0.5494913443207423
29 207 36 0.47191395674862135
21 267 76 0.11264517142528385
190 394 26 0.2617121628012895
152 250 47 0.5594956381412236
188 286 73 0.160235103016098
188 259 81 0.40195586491847834
71 229 64 0.06817364636249257
110 321 74 0.39980989984596593
58 98 57 0.7845924977723114
185 337 70 0.9332435924250597
21 89 75 0.8311776435032179
165 347 98 0.8828003204337432
38 321 47 0.16687949873232388
25 163 55 0.16075742280236505
137 399 43 0.7700538264141659
76 378 21 0.3079718596612393
123 224 29 0.7247372517458831
179 326 76 0.08361478122928057
186 77 102 0.7945876324260064
171 175 69 0.49594280460993045
108 379 52 0.5980165202285764
172 221 47 0.9842732109017756
3 145 104 0.6262183566801697
158 220 57 0.5016404460370798
173 45 40 0.7745824901031765
98 152 38 0.7091774068658812
37 356 79 0.03813776009321579
67 222 25 0.7901096043084898
1 190 80 0.806136474543295
33 105 52 0.2001336808809685
97 72 99 0.7722374565048011
130 250 60 0.22919395663461883
19 91 51 0.8534424906297459
120 299 77 0.3656501937397987
192 396 74 0.14262067628940522
9 169 27 0.8882690965539959
178 167 59 0.33490768732598664
66 202 73 0.7784290106772497
173 117 26 0.41156519245180045
34 353 29 0.7372292217118199
81 221 94 0.17145449420588732
6 382 36 0.7565510174184652
104 282 90 0.1960353790878271
191 275 40 0.7990617523959406
139 105 26 0.9193343174552
27 352 86 0.5451205389144742
