190 18 48 0.9867593755534413
88 27 64 0.6654733168505675
83 132 57 0.27327738154646
117 214 39 0.26110881137913955
157 383 35 0.5335725471645817
1 346 62 0.6374228255597665
80 38 61 0.0760863151059954
19 390 23 0.41173260259063404
154 350 79 0.44864729697149763
143 303 90 0.9694467332095368
111 185 23 0.4358084831995982
185 97 102 0.6844735196022529
179 243 100 0.5174385058215971
194 80 75 0.9798118738793818
171 93 37 0.43496750076425716
19 184 56 0.9047461469552373
186 96 60 0.676458989676527
62 144 79 0.1733104615668294
150 106 102 0.3884159227758682
184 97 81 0.766406197807957
34 245 23 0.5775777736374089
165 14 42 0.16808559548116497
129 9 55 0.13804035954370697
44 233 61 0.5931067163513982
37 304 25 0.6380499840203139
94 275 52 0.37227660768638504
96 14 83 0.7998807485565208
83 361 66 0.8179427419152198
135 6 77 0.2203843152209165
141 224 50 0.5069527746925647
