85 214 45 0.8022557014257721
81 272 90 0.6028029298530043
165 161 21 0.35230060512688866
108 100 35 0.3263046703752913
113 325 58 0.3227915569699028
99 157 93 0.7880426669230558
65 99 99 0.6004017174010825
39 113 71 0.5480987993770874
162 38 58 0.39103097808201115
140 263 60 0.7998735981531871
120 131 81 0.05798982268259578
46 199 50 0.09731135814207958
87 83 38 0.41560479092354075
96 154 77 0.4395118108142796
165 348 59 0.5617357394874543
187 367 36 0.4193096268437506
42 3 68 0.6737454905343443
25 33 95 0.2405105997341065
63 248 24 0.7966176682750276
