11 327 88 0.30378946282778585
43 58 100 0.7241982685011404
18 238 91 0.2682619471807606
173 145 40 0.11981341601917583
120 106 71 0.5536422196372771
139 49 61 0.5012188683898983
79 280 89 0.45500092724294283
89 364 45 0.6672211364410909
87 331 30 0.30752685974947624
55 382 45 0.5071390432718275
17 269 54 0.2008631992668315
140 176 97 0.6861734569625314
79 155 50 0.8491378679632026
124 82 25 0.3980809190425961
92 76 44 0.1324094356015003
143 323 108 0.03400471802732097
64 216 64 0.2579514548208318
167 196 71 0.18781649645290466
1 168 59 0.026944271347621562
24 142 40 0.31449891627693183
155 161 65 0.8321344461444867
170 242 40 0.2967114409834486
155 179 45 0.07290322789147896
58 385 35 0.8317060007673626
140 350 107 0.03188368796646068
146 286 82 0.8907922053514324
149 241 91 0.4683952183577905
72 272 81 0.12511946042327293
