196 371 87 0.17516334934021915
188 217 101 0.18074636082052176
8 195 83 0.45703427093571913
154 100 56 0.18749043939055432
45 277 93 0.7295428190557094
149 157 40 0.42586753958951573
144 165 77 0.8608457707410184
74 378 108 0.03144025156039332
60 91 58 0.5619865961634194
138 125 34 0.7253851395261378
21 15 65 0.24013811973336363
3 52 70 0.834584781865102
164 312 46 0.2953429353563535
46 228 56 0.3521463954312307
108 196 79 0.37192814711896804
193 42 109 0.29689032373506163
122 341 98 0.7737562455594056
176 127 32 0.4182928179589137
81 326 80 0.9800086166569831
200 27 60 0.39190040325252784
6 357 48 0.3698927128711812
54 400 88 0.5063791618989885
14 273 69 0.47665151958198393
177 392 27 0.10604769921559909
166 180 27 0.1847978707953215
93 298 70 0.9569579031203117
149 180 97 0.2584547871916244
16 192 74 0.6608156117851205
15 137 98 0.06760044267361898
74 357 73 0.5274529009704398
67 284 30 0.874286278262427
1 98 58 0.0915756812548173
29 277 95 0.6716696712234882
186 288 85 0.40517517847324014
190 154 109 0.5847833256265201
20 392 108 0.7965198424145208
62 127 43 0.21835799076103213
102 156 27 0.40695841574532643
