182 242 77 0.20499973998197674
84 314 77 0.2505313329648956
28 363 71 0.657236039346464
82 93 59 0.5739956984882488
84 124 31 0.49448130383398636
32 16 44 0.24227604783005985
118 339 82 0.786200336256239
46 9 107 0.005246022088307489
75 67 106 0.8049836460612112
92 194 54 0.03738242117210122
13 194 71 0.0611114309473878
135 119 93 0.298213614762463
160 148 24 0.8267091957895617
131 160 74 0.23681489874364914
63 181 93 0.3276805488234964
118 324 73 0.17228767961663494
3 354 99 0.8110570035946378
138 292 49 0.4436910527517305
146 147 87 0.945129752311018
120 10 47 0.35189710759908144
89 163 22 0.31481839226843045
164 177 37 0.46341520473318176
81 184 92 0.7442142473769096
67 213 79 0.48876064455977863
76 128 23 0.993914118957998
37 149 102 0.6197244063660046
0 376 87 0.3638377004237303
141 208 47 0.09211437970380065
44 145 23 0.7265628864097023
167 378 100 0.22319094141672424
76 131 99 0.512575239090079
176 111 78 0.41871279792645133
138 373 25 0.2432694585876315
172 389 103 0.09391444632171586
46 95 52 0.7333065214355948
169 201 92 0.7884959844975475
159 108 49 0.8543344839781521
87 251 107 0.3846334686802343
