16 358 84 0.8099997452368038
172 291 46 0.8703749237279451
0 331 83 0.14821623011615337
11 357 35 0.16738379106599
27 67 60 0.7862643173781411
44 31 93 0.854103634542561
27 24 75 0.7066501587938988
30 312 57 0.8185142957586082
156 243 49 0.5579069403457207
14 171 34 0.6607630967974318
46 398 45 0.33650619812611904
174 147 48 0.5615653820623808
158 147 87 0.9449089082992548
174 201 93 0.7382681564161063
175 148 90 0.8168703667876402
120 244 60 0.4806681787421424
34 156 95 0.4054985879319105
151 1 27 0.5669145350707564
114 166 55 0.8319764371584276
111 17 59 0.6697380054056447
125 222 48 0.21220802852755016
166 50 90 0.26150986604810145
0 311 41 0.3663186482135973
63 364 87 0.3288889894962258
57 247 39 0.1050104909676739
128 198 24 0.6349290781920006
183 321 29 0.7464617956984156
14 247 27 0.3358896909670055
19 16 59 0.7976905312245451
53 276 85 0.8964503309783385
1 298 99 0.9824496026815124
13 130 39 0.884037630794524
116 394 93 0.42411395604436575
