96 300 83 0.10925624534320899
182 352 80 0.9540099521320974
119 146 24 0.552983050924779
153 356 105 0.4121292141838201
193 88 31 0.35554198897488165
104 362 49 0.6598205653208935
133 55 104 0.5361231922168548
161 71 40 0.35489690255748885
164 120 74 0.10886919952350893
83 80 83 0.2330053115327123
64 397 57 0.3445247439667499
66 202 106 0.5014128277893698
21 71 66 0.4521784506119695
107 208 94 0.5342856906551404
26 89 102 0.1151061328304025
77 291 70 0.24147635354210106
175 348 86 0.9125922196898779
38 192 53 0.742747873896
120 69 103 0.5154124103991543
68 185 25 0.2877606958572019
57 374 92 0.39435266448629924
19 239 49 0.798380371022281
32 155 46 0.2066743214757949
134 29 59 0.27657179516370933
167 107 47 0.7909827521101955
155 93 93 0.18143917846365454
104 31 92 0.010043747995136187
19 334 23 0.8219081066777554
187 21 39 0.6776286842973523
126 331 96 0.11361100488203357
160 164 32 0.023736918727360945
155 209 30 0.15625534910016725
11 356 85 0.5996943868526428
146 13 91 0.009179402142302173
