186 298 60 0.04200173207879199
59 332 106 0.17573654804521233
136 349 70 0.5637145675391028
133 244 45 0.2085053547446033
20 366 89 0.8693368766097758
120 257 53 0.6051659909885294
135 56 89 0.8601222481647919
130 162 91 0.050201768301337046
150 342 49 0.9002569033572521
197 220 85 0.07801170157077031
6 223 32 0.07346897840230815
134 183 26 0.9161839159824732
10 16 64 0.7590982747801385
35 160 49 0.5657041364305029
43 378 48 0.4930900488939802
140 251 72 0.8162523613716863
96 250 51 0.8607510882741748
195 111 86 0.2701851122275726
195 23 91 0.8001197158532193
136 8 22 0.23460962913133643
42 73 59 0.9609509137290176
158 396 82 0.27719298991439856
23 40 74 0.14626823076416362
13 283 66 0.704969487386175
97 175 101 0.5208348000252834
50 351 84 0.2656705358550504
137 317 42 0.08115769155280061
28 280 51 0.964699267112112
