69 119 79 0.5926351975240057
174 38 85 0.7739121812945792
44 175 103 0.3413207609987662
157 232 98 0.8475399798040211
10 357 25 0.21558904325178596
183 24 80 0.9523761712280749
181 342 70 0.8697589022505737
190 134 82 0.6544485992304091
142 108 41 0.11303173910540942
150 271 24 0.3545580629435715
185 373 90 0.20194384893021855
52 284 67 0.08422575814599398
12 101 55 0.4175296962262446
0 292 36 0.0702387413407074
75 284 102 0.604280232211359
160 185 71 0.4268641626977411
169 256 45 0.3415642184334726
