92 249 72 0.709924593418034
140 234 66 0.8336805211482252
159 53 63 0.15432318922086363
108 145 55 0.12623020507654792
139 255 52 0.8327478614342138
11 63 109 0.545244349287422
23 394 47 0.4934416312091229
69 187 95 0.849373423284968
199 33 52 0.14367172424350316
138 78 107 0.5943304924983928
95 89 65 0.4952817594205494
86 109 24 0.2501802330575409
143 156 70 0.0286963364421714
4 123 80 0.3976266101173832
20 112 93 0.05733555245198685
190 349 39 0.05500717462472604
119 98 85 0.8564538906366003
41 11 72 0.5003835141727841
128 1 90 0.9302431126196878
52 138 101 0.8791219060279334
33 193 28 0.9607711507821742
193 137 56 0.10527786805502914
172 101 66 0.5843213722735484
68 202 38 0.9130578336786463
124 126 79 0.2840814915235603
160 228 57 0.752424158306857
138 245 35 0.7435290711733735
18 107 65 0.6165640211072466
133 313 58 0.44283831930610085
199 295 101 0.30225165814293564
