21 367 90 0.44153217006339074
175 104 31 0.7835201220521559
37 141 102 0.6016177147661118
106 213 66 0.1042911376605331
122 271 109 0.09674823020283185
140 78 39 0.9360440143475384
132 112 51 0.3153777218781495
124 274 75 0.47138335654617225
191 155 105 0.1398288179458368
1 6 85 0.38487559535175353
80 397 34 0.36253238831838164
165 97 66 0.7878257909800305
55 283 50 0.2931395181254123
153 120 97 0.19771462650176685
80 398 73 0.7575387439311817
178 46 53 0.7453318613321516
100 320 37 0.8077133221580632
185 86 42 0.44019586026896895
139 383 78 0.9790921909049449
99 70 88 0.8576174384365196
21 150 64 0.9948094603075258
116 39 75 0.5550790893392095
66 200 22 0.381752998105487
106 328 29 0.3766699730974983
67 89 51 0.9390420363980078
74 179 58 0.364508871060243
49 377 32 0.180277294229241
37 139 56 0.11158043737660184
63 60 104 0.5586537156727653
122 176 59 0.39281063864435706
43 385 100 0.15984429452847038
67 285 68 0.698860959596316
150 114 21 0.4842749159473816
70 150 38 0.7549555988141381
40 305 53 0.8582120525484036
41 249 61 0.9502521543092404
102 360 57 0.8652509181599147
162 130 84 0.4540464813542644
189 269 106 0.9777207966175733
113 363 44 0.10510902346311346
127 362 56 0.014321931297177404
