87 390 94 0.7512211449655429
96 398 56 0.4043153145511498
138 238 76 0.0739593304386037
62 138 37 0.5478403377526428
50 245 47 0.15567665981687673
143 111 106 0.3111241846092374
91 261 101 0.11515355742689592
68 5 104 0.16216005849115578
14 236 79 0.17715527577687717
180 14 104 0.25740812417877657
20 363 38 0.16959457822325785
142 8 32 0.7223428645104747
35 354 96 0.4706901630698672
57 8 66 0.424408310540058
28 350 53 0.5906106913114362
92 128 76 0.9306103891616989
108 298 99 0.6474027329233275
189 154 102 0.7053754885069794
17 328 77 0.9600785149521988
50 320 79 0.969055074477077
75 240 91 0.16593108429955616
136 271 45 0.17751387380504358
165 327 69 0.45599103986230605
197 114 95 0.5291281222403236
171 213 90 0.9903939635037305
27 210 53 0.5665100029678621
