57 359 26 0.1676081639385525
146 381 53 0.8324396349670357
59 329 107 0.09512909041874062
84 311 70 0.26507794091833725
180 200 54 0.9712191130525564
26 317 32 0.17247377356521765
177 22 25 0.410894464102848
2 302 38 0.5003239014160067
152 294 108 0.5139795936973441
142 353 61 0.5844032659788614
173 33 51 0.5323628664875573
13 221 47 0.2867379189097894
77 74 61 0.6104174847984192
51 201 29 0.5861619248917199
168 314 104 0.5807904843574673
82 330 33 0.6466351642498738
2 364 99 0.6532639071782111
57 278 84 2.0578459360320878e-05
62 353 29 0.8407930814042665
112 280 56 0.6307388906230896
85 154 29 0.7211620181323123
96 142 100 0.15096522597458994
