69 126 43 0.4854299461717243
114 118 103 0.6600052036304849
101 37 108 0.4796129384061578
133 293 101 0.6784431730042924
44 227 69 0.9893032675743071
148 254 84 0.4711254525190953
168 90 39 0.29830929916243065
75 64 34 0.22364108830176455
134 227 84 0.25457884991155655
113 60 30 0.7970197102711901
185 351 87 0.10811068344730046
45 80 22 0.002393877334790462
23 190 34 0.7895714398904032
74 274 53 0.08776643140358986
133 263 49 0.13633873548084452
57 197 49 0.4372421847860344
161 234 36 0.2551139709956699
38 226 57 0.026662384383416615
61 85 25 0.21079181081426834
15 251 35 0.34450104674365634
45 125 105 0.6559828280661074
26 335 41 0.9438956668144758
140 78 42 0.22877209869953008
4 9 28 0.34773187044560416
169 94 66 0.16975464530248918
92 94 48 0.005016670053479055
48 334 80 0.5987590849047014
152 285 40 0.4335592854095127
188 164 105 0.24726767148374518
