30 26 78 0.001576672756355646
65 174 47 0.33173192767150417
76 103 50 0.38821151270759624
134 134 77 0.15465074216670482
23 136 67 0.5723565698444043
109 398 90 0.22302815796554087
15 287 21 0.7235966980620354
76 109 40 0.3186799039947473
28 378 25 0.8989006979613232
162 373 106 0.15364491936832703
195 7 51 0.6733108470925496
2 299 40 0.1075990618672118
65 112 22 0.49191026840248964
195 181 39 0.7082468060564318
93 69 25 0.545339171118344
112 26 73 0.1245600790036886
172 59 99 0.5838910021098326
52 189 64 0.0904131882808652
194 160 32 0.4255474538560853
184 224 85 0.2522961862317392
138 109 98 0.7029862576962769
94 42 63 0.5873693211105228
24 164 80 0.8553581714159972
176 188 50 0.4141691763392965
41 311 89 0.9281444027384811
