191 83 101 0.31248822873004156
190 311 89 0.56524140303645
113 11 32 0.3157486700060119
81 320 72 0.3518925741248564
116 301 41 0.4144635083761682
162 172 52 0.46228577109633795
177 102 35 0.37095955827765525
97 99 70 0.5821191054975471
27 125 92 0.2284598895257991
77 209 70 0.9553524239198091
40 197 95 0.6589628759566332
109 141 105 0.4141244165520196
24 238 101 0.6593023358016964
147 378 95 0.7875970468554108
120 150 85 0.17288690706727883
33 175 47 0.6954848171805802
145 233 102 0.03784162458183482
106 387 84 0.14178033184601257
103 376 29 0.12916413159184814
