29 261 107 0.4698767769851596
106 395 59 0.6324074183894905
51 203 56 0.8682832849380515
98 218 45 0.120769557232272
94 82 47 0.3905465801330589
30 320 50 0.9752004205599891
36 282 39 0.7533746109911448
90 41 105 0.09492137207455054
132 343 23 0.7482391322539211
36 118 59 0.40958499233435763
20 125 85 0.6548442389662711
31 388 25 0.5257781774433747
148 179 23 0.06843152094973715
197 101 59 0.20843700724755387
34 44 51 0.5139753758386395
5 287 71 0.08447814197767878
33 31 60 0.2623755134975445
175 384 51 0.42257210034535864
176 66 71 0.005257109308370533
23 226 102 0.8453900785164695
59 136 100 0.31636314115442
166 323 46 0.4136305706735651
200 27 72 0.055676525410133904
143 6 24 0.03294392581805561
190 35 49 0.08978818124361865
64 9 24 0.5102222395507711
106 150 102 0.8692981656584639
147 221 41 0.5912939586300405
