72 312 94 0.6470513557447585
56 275 30 0.05485068742587085
154 41 104 0.0028076173591538023
12 399 56 0.33911584286096275
93 284 69 0.07691015035518611
153 128 21 0.9007199640561259
2 27 107 0.04588066412514724
94 117 51 0.3501752269707795
101 138 97 0.27274062062916604
11 97 81 0.2735903319933375
30 302 65 0.5257719076829174
163 317 26 0.4254246097655284
125 154 108 0.4248936007552965
113 316 61 0.4551712986895794
93 188 86 0.5281142077173216
111 379 64 0.5889374422931811
98 345 107 0.11210715185948583
189 88 73 0.6593738889405464
99 202 73 0.9428794051084525
66 27 39 0.2947524011530037
157 384 93 0.7496027046471966
137 90 55 0.12465674275863026
