23 156 30 0.3480870929891463
28 399 51 0.18382074330561515
86 254 40 0.9455901029754396
63 107 65 0.2526494582979859
98 54 108 0.8420962821273822
133 336 52 0.012188921425578259
200 11 57 0.5816250806987256
116 314 62 0.5353341687387063
76 188 73 0.8460829594199527
100 7 77 0.5506271992816684
82 60 90 0.6836162054106341
150 358 90 0.6324407738383125
97 373 40 0.02958416888496651
159 276 61 0.9750590400094438
11 236 40 0.37191684617485876
158 286 65 0.5287553141137056
124 342 50 0.40368845051295676
41 167 34 0.6319925027991348
100 69 78 0.7834227787363117
132 4 48 0.8255305762490851
93 197 43 0.39762423591106044
4 334 91 0.694001576326663
79 139 79 0.03694162401209056
144 72 68 0.441673672471381
17 188 42 0.543947948745585
94 44 80 0.8360178468379773
38 231 99 0.9607993045030133
8 24 24 0.2030204084621514
149 297 26 0.44446819699479745
59 324 34 0.1424210058251799
