55 199 24 0.14487699222780426
141 315 52 0.7937401043882266
134 211 35 0.416840535045208
1 344 29 0.05407852949675385
195 116 38 0.3496566820206156
134 272 75 0.15141629493663245
88 51 63 0.5936984937614094
198 398 91 0.6423671809814279
181 278 101 0.2534291668332507
142 204 57 0.42048691122594395
3 328 106 0.9962980148994026
159 81 49 0.4773907032877083
51 142 77 0.5745273982099548
102 247 30 0.3060994244456984
175 388 82 0.7765196984611851
75 243 52 0.7044072300299954
103 139 77 0.1120487747324257
154 355 30 0.7966427690134623
47 75 22 0.1533488649080892
107 232 94 0.3789782272539579
59 8 98 0.3197766520391615
67 388 22 0.07300259877289728
50 276 69 0.4313797536802866
34 213 76 0.12752045605933426
1 73 82 0.9417195776080777
156 163 45 0.9359360538003285
184 204 50 0.020671100932191266
192 235 40 0.6588794708665805
180 238 104 0.7432455230496646
94 216 101 0.9164733107040482
147 320 41 0.7551570191115383
173 302 67 0.22745270406102047
149 33 48 0.010892427108486036
27 293 57 0.136127286052801
183 22 41 0.7480068917183814
164 353 23 0.07577067659084147
57 152 97 0.1743076803672412
134 60 85 0.9694397431871621
