179 65 86 0.45455210482973274
157 206 40 0.4531182725594354
119 386 24 0.06229873308809619
199 233 75 0.017968512235984835
73 150 104 0.4375551212648895
11 334 99 0.5625958467405902
92 71 56 0.8949359336263976
135 298 32 0.8974474864347487
71 26 103 0.4292822460409149
25 188 55 0.5338782679850419
69 136 63 0.5252872862956369
189 71 79 0.269074470698613
106 343 66 0.6211761025775877
98 49 41 0.437158126439703
110 234 67 0.8679876726631893
116 43 96 0.9160667548536734
16 118 80 0.9501895912103618
111 330 30 0.8033591159833744
22 87 36 0.31501290965149065
195 349 108 0.4230465591755206
6 204 86 0.8393549264554091
175 225 78 0.2815307024438759
109 351 33 0.6050959581795778
122 369 37 0.29326298415755947
180 14 42 0.1976569679159521
42 23 89 0.9157652949021361
85 80 25 0.871304813257114
73 289 88 0.8934427173019175
29 201 94 0.8059105688620243
