93 205 74 0.8718187209441718
187 225 29 0.15236719866799642
91 154 24 0.8985199344874848
16 174 86 0.09919493630172671
126 128 106 0.42914180894225895
87 73 26 0.13028852963498982
70 123 55 0.628331428752528
106 287 85 0.2493412198501983
109 147 67 0.7692016479252041
101 280 51 0.48313377697294135
193 372 36 0.5372422292327397
51 124 51 0.9086234246559398
51 187 34 0.05011780708291336
24 61 21 0.8938612292617787
159 94 55 0.5630173689663683
157 197 22 0.9053970640823912
149 332 102 0.24529783125414628
122 213 42 0.7497359385723696
45 88 72 0.1477412067123669
118 2 81 0.49807328264329975
152 355 56 0.7838195878560525
136 70 40 0.8570294436203555
144 370 31 0.37626434397894837
167 18 76 0.6171449091070412
181 66 79 0.5199189958524592
152 106 108 0.25597578653504827
110 33 43 0.7767576846949104
60 372 21 0.9319900527185541
50 254 68 0.1769877396478744
161 54 35 0.851032823385429
66 171 56 0.2597374369529065
71 174 98 0.9411968743173482
