81 70 64 0.4655130387119174
110 219 76 0.8654796147969386
8 299 106 0.09054002696444552
74 1 39 0.14241757831949564
79 227 21 0.09518258366763555
96 300 81 0.11220587072390198
45 214 49 0.5156963854789688
165 343 53 0.5439870258209559
159 150 86 0.47633267041250127
87 228 59 0.8535005901472343
175 345 46 0.435352941334085
176 285 57 0.5934876770587895
81 342 90 0.7694458679777717
167 70 82 0.5071783740707994
173 152 100 0.37744744698867916
188 38 107 0.7859117008445687
2 177 45 0.9454278465025608
10 383 62 0.5782586278823573
14 151 32 0.402187287634876
31 97 45 0.2949541409562638
47 248 60 0.18812847687487233
185 376 51 0.270811630443093
122 167 103 0.5069001459147985
40 23 104 0.4356896124016053
116 366 51 0.5917191517431618
18 6 52 0.7357293983132798
115 202 48 0.8098999344795312
128 203 88 0.5295756311856156
62 394 65 0.4867651859727893
138 347 106 0.21033058250239167
92 172 107 0.4479453929957654
144 102 79 0.4787328660857071
8 40 26 0.22044121902426683
