194 68 66 0.4258628379359821
0 340 103 0.5092964273059716
191 135 82 0.20947701037306865
38 189 50 0.9634149928277905
37 278 45 0.8726595150260537
38 135 70 0.7901176972658448
200 246 31 0.9352981595838661
169 157 81 0.15369766062617185
187 300 61 0.18156101825378557
192 252 28 0.8188977669092701
176 21 70 0.6028807967674975
99 233 66 0.30176572804686796
123 309 32 0.08578710738094264
157 26 95 0.9816514491955715
153 260 95 0.21559283873563828
181 86 59 0.47283975202710893
58 114 94 0.40773937609204947
47 216 104 0.7372449081759878
157 60 93 0.36146306787787374
100 107 35 0.1297589581623554
93 277 55 0.9284452201540565
79 399 103 0.7289271813383419
113 188 43 0.14540657548169977
34 359 75 0.9483488302151016
185 266 101 0.040095796861082
32 387 28 0.5503189132701297
27 219 57 0.30027414611061953
