181 144 99 0.1842305035141869
32 328 84 0.518489329187224
77 4 86 0.9168711929402226
75 375 107 0.4431584097462776
141 360 32 0.7333159434972094
51 112 36 0.8363246165141723
159 47 79 0.13366048131592279
19 257 48 0.2439469556640531
28 359 38 0.8994349697920442
143 181 93 0.3900403784910519
70 37 83 0.7101894938512089
184 393 67 0.29463932963901374
16 330 61 0.8207491604309302
83 373 109 0.2900861218257744
183 193 30 0.47688388795109327
45 121 99 0.851713513815212
198 245 55 0.28096119419617005
46 144 70 0.42440273085256286
162 146 72 0.427125755375666
174 341 35 0.3740423085282314
197 102 98 0.650720779694999
119 375 31 0.7982753171195901
43 390 47 0.5457701941221988
171 222 48 0.8796956674899624
150 94 52 0.5971031011628287
144 396 32 0.39341042227578993
114 362 77 0.34679670249945904
101 53 22 0.36681710235558806
99 197 70 0.29783588214467005
96 192 28 0.17540779303495935
86 113 89 0.752493742614132
108 342 62 0.9567749227093904
149 13 33 0.3941839719605331
40 49 38 0.6782104548832059
191 235 35 0.3154110459346867
67 121 42 0.7300005942326772
194 117 86 0.5161322993395538
