96 229 81 0.10773793849726387
136 268 81 0.3297567795908133
126 314 90 0.27648490678490634
152 245 73 0.835291675284568
180 303 66 0.32728450423689404
51 370 73 0.675694633997124
186 132 65 0.8621057498336931
8 190 106 0.999150029919138
117 323 29 0.8917003906021119
78 164 54 0.46403267162023365
45 293 43 0.49847163134419326
146 377 28 0.9588729530052725
151 189 98 0.37463210110565315
159 166 87 0.2734509722045081
75 229 56 0.0034146519472859627
23 236 54 0.8085129353755176
17 41 28 0.36404654479235965
22 73 23 0.5929708524991655
1 151 73 0.3612764131997256
147 375 108 0.6932202686001995
60 79 104 0.0659004744932572
103 80 44 0.869003320025947
10 155 59 0.9333988126690907
83 178 103 0.26745124877957127
36 100 34 0.016491323345862563
25 170 81 0.9061706164103197
