171 251 94 0.4376205093934822
41 162 61 0.037508881392599114
192 332 33 0.7150759985075873
56 40 104 0.8935770229012553
49 194 69 0.1437349580239644
151 168 74 0.2758396613980001
15 133 84 0.2650779989509311
173 377 106 0.30408346652707785
90 67 68 0.1115315676428773
165 58 65 0.0645142239505504
150 51 96 0.3876298525345341
99 59 104 0.39583272919434653
45 137 94 0.5799440690402305
8 378 78 0.2546186570373473
198 200 45 0.49209804416530867
147 253 69 0.9327852228608082
136 38 63 0.640775341099926
11 292 94 0.22939200768187717
111 172 41 0.7799244818610346
125 282 77 0.2662150903881233
74 342 55 0.5274134137163727
21 182 25 0.6874795255600007
20 298 74 0.03593989795445307
94 283 108 0.006002028610920251
155 49 81 0.29198790017019316
175 182 75 0.9055598889506109
63 294 91 0.32751216022436835
145 114 37 0.2530403894231785
16 363 64 0.35487881072192595
94 112 94 0.16346143581970907
