94 287 86 0.9628662149340623
79 232 62 0.7484302949462432
47 250 94 0.19416518545380057
190 15 105 0.38742724719268395
7 32 87 0.7461643228436112
52 10 57 0.4843853843499909
196 66 23 0.6329493072420412
154 346 42 0.44136641496893214
127 372 66 0.06772980496042624
10 135 103 0.17290621160044883
190 194 26 0.33956856962945037
178 241 42 0.9435037257624996
13 191 70 0.22036903039824363
23 93 106 0.6648756700444899
55 178 25 0.9549422326306803
166 257 103 0.07113600036247003
198 106 73 0.9765649079440373
136 362 62 0.9651309014374213
11 65 97 0.9055069068575192
24 23 109 0.1727009213038707
21 29 26 0.5366908234997524
53 134 43 0.442877807383517
26 163 50 0.8040196211107256
140 119 90 0.7815989993701685
12 130 40 0.2999185589302956
40 262 80 0.2159665237877717
21 130 97 0.20727767666026808
157 125 28 0.8005804131771301
5 189 95 0.24012931079159638
178 132 26 0.3165426636049211
155 338 22 0.893810225609805
132 198 47 0.18553949528092128
27 261 48 0.4080239011679282
178 288 62 0.5048862656410688
