34 139 106 0.5218633773415784
68 209 76 0.8375890597074098
175 269 86 0.9502868488461397
141 222 55 0.7526507179990907
108 255 38 0.9630246891692924
63 316 36 0.589243020101553
160 106 103 0.9601853976757803
127 28 76 0.381805196740281
22 97 35 0.16140486304700674
57 78 77 0.6125479761048237
159 32 73 0.6537110186423358
116 280 107 0.8499770737248961
11 218 24 0.8918423239106009
106 328 66 0.6353703105481402
194 139 57 0.20510825920339915
189 389 87 0.10249976623564216
100 128 34 0.44075072270253035
135 275 30 0.25409812234974716
118 272 90 0.43396420353067433
9 233 99 0.7374424310005764
142 375 109 0.43738113774316056
164 267 86 0.09981716125940909
114 123 71 0.5946856511987991
142 8 38 0.7497491951927447
68 379 47 0.923257194557285
85 110 46 0.7269419552095647
173 320 43 0.72906030668682
96 347 35 0.14426543052621765
