20 14 28 0.8765402628995225
129 297 52 0.8470619207127681
66 56 21 0.09220984383777142
82 116 71 0.02814358553411911
0 156 63 0.413592470850348
64 82 59 0.724097748212615
131 76 37 0.16521208074748284
133 238 87 0.8710226900463627
117 333 108 0.7628222044988797
124 168 53 0.04120193084355306
156 105 71 0.024902859558806
11 117 100 0.12956708319401822
51 270 56 0.9990308495927993
179 268 39 0.35817499249081697
199 230 107 0.1266728709933872
13 80 43 0.2352996962620747
158 78 89 0.6494674564899081
12 254 76 0.647324754370432
79 10 30 0.4636808841893524
101 31 104 0.25501869074843797
25 166 38 0.3365148893059008
143 133 30 0.43279452179316036
47 165 64 0.2990555733758272
180 262 27 0.22456613447536222
113 66 85 0.7364501619508232
21 24 50 0.47851218602842693
35 26 31 0.3961030535949587
147 42 92 0.30362857264343557
38 229 63 0.1960011683343632
0 141 85 0.07363726965852457
6 80 28 0.35165586868237797
