16 217 60 0.6263765588861535
130 98 51 0.5393400899337951
6 148 71 0.7163059991931918
186 335 86 0.7385394955711768
108 22 45 0.8759562526516196
125 258 106 0.8233245743521498
25 37 60 0.006895770037401827
136 18 42 0.7845392706308103
85 356 98 0.49651727633014797
118 19 95 0.03643951202900564
195 89 33 0.20141378074252014
143 160 85 0.2846357372191586
120 20 40 0.18838530119434904
188 76 43 0.4207821324403177
195 336 62 0.8172916755445424
0 139 95 0.5208794653594329
7 348 104 0.12039340843641033
28 307 98 0.8736984157335649
50 158 84 0.4179370982474938
45 40 26 0.20193539538960037
103 44 67 0.8417652560227962
112 323 54 0.656877715858143
118 170 48 0.46144952645842596
68 306 29 0.33745803538718055
44 45 64 0.6086649074255461
83 174 37 0.5908657825080563
44 341 79 0.4573650711575473
84 353 79 0.1298069556757604
187 347 26 0.17814004626010826
40 153 82 0.17347416844130614
179 341 40 0.4777686969422634
68 104 45 0.8339504533456878
