18 329 36 0.9182103555318787
62 369 95 0.19342498619082715
60 223 24 0.9033649837008692
112 282 76 0.07901207111461694
59 234 23 0.10817095993988457
54 113 40 0.08717239178313696
187 48 28 0.9891569971044597
160 98 98 0.6401443291846466
12 263 29 0.6915352035763053
178 171 66 0.41705771066428055
144 91 55 0.05932772359727401
39 153 73 0.716176650614354
62 88 80 0.07585907556304416
195 229 21 0.7450900730112252
42 126 108 0.5176006831970698
35 168 63 0.9217807328384624
40 65 92 0.8122336154905849
113 161 80 0.27048143109000344
101 13 109 0.7055636930750475
22 86 85 0.7024920455447151
60 295 71 0.4391730203455053
71 333 25 0.45122796121779996
130 384 33 0.9821277284591615
147 275 55 0.5358658188767963
107 343 87 0.5171098948664069
156 244 40 0.7658868979272931
65 300 34 0.9763889804163886
5 274 91 0.31268662604975017
162 37 107 0.9628990069048108
19 156 32 0.26411715397293245
56 286 31 0.9085741270917373
167 10 86 0.8354831992709129
21 130 47 0.190584932778754
156 376 83 0.12516249322317352
121 101 77 0.018098392623568382
