105 253 98 0.7504656979459267
183 11 76 0.2599357459436672
98 227 37 0.6710363401749561
160 73 29 0.2686549988570268
104 99 58 0.6160898244711134
128 87 107 0.43488973139882803
102 337 88 0.36347845615352603
53 268 61 0.6924670111147045
172 11 25 0.16838435714981226
21 207 106 0.4396566469785286
143 378 63 0.8332885856595785
41 251 68 0.15150579943416498
40 307 103 0.9348002606704766
120 80 100 0.7283290293828447
173 307 105 0.1376748567492624
157 194 35 0.2724547854190831
9 317 108 0.6278949505837537
137 85 25 0.7251499300069444
56 244 107 0.20616039950353404
186 55 100 0.39484418752853023
137 228 79 0.9946390467043511
51 79 92 0.0659354356269577
137 234 108 0.6237340450296562
73 30 27 0.5560341871046356
168 263 60 0.4201634465667431
40 78 81 0.021722059563487606
44 367 33 0.18586136803495568
162 376 74 0.45402931411750214
25 158 41 0.932268918537004
29 289 40 0.1599556488600674
