159 373 107 0.21744734667063792
168 210 105 0.13533505037200688
198 333 52 0.29963914702771843
94 20 64 0.687666179005539
188 281 58 0.9518377392316708
152 81 79 0.11624933463032427
29 321 109 0.3584137507767515
162 355 104 0.4236807501988912
75 271 42 0.9663690807606781
13 270 22 0.363652030668585
47 241 34 0.041236710693240974
51 257 95 0.9730480421399134
6 253 63 0.3389051944879219
57 114 51 0.665113003767767
83 37 50 0.5648663763716709
170 23 83 0.9041847531630685
143 342 107 0.0027591607401764584
181 334 30 0.6752404525844332
67 238 63 0.4024016502411688
94 219 105 0.4147886697957086
93 260 27 0.42048854046171724
62 229 75 0.05452329881366835
123 32 68 0.8788231377804717
143 332 26 0.7876049337452973
82 92 80 0.0948912005759841
30 386 28 0.5164120403304819
35 251 81 0.6768534900583397
152 76 101 0.1680683986509527
49 67 82 0.3267317194856739
5 83 41 0.33797129640669854
139 230 97 0.695919747796915
122 57 63 0.11785551696195418
112 355 92 0.648045726296941
105 81 31 0.5272613753241184
