18 333 97 0.25254276892845073
2 37 51 0.27238228375128837
64 306 77 0.6800246082813675
180 238 24 0.524036633282793
102 62 94 0.1008633661155538
49 277 89 0.8182450487654916
141 32 63 0.3781232536794701
96 224 57 0.7348082387159711
76 338 60 0.404526830964842
162 162 62 0.7004853450586278
164 294 63 0.43067223504939167
8 113 95 0.11480970759604758
21 177 22 0.755026714251975
137 30 102 0.12024403929468586
189 363 77 0.34322265489537807
126 43 106 0.7310845053029577
126 398 70 0.9923642294906354
78 149 51 0.6039361393818493
81 41 67 0.5401776359260168
116 158 93 0.46876688007389844
124 167 23 0.20289387912658607
118 46 99 0.5575297854976456
179 67 91 0.816751506425506
88 287 106 0.0659672901691436
26 160 45 0.9640637266634279
173 78 35 0.19070996726577516
56 260 48 0.6317128208872932
85 323 63 0.7760452415372127
107 37 46 0.8677302777655552
