12 186 91 0.8405427313544044
129 58 21 0.43962312300916984
171 159 43 0.42928045089587774
72 73 85 0.43867422158680336
200 145 99 0.2514965409796768
31 321 109 0.4414278050815885
58 20 42 0.751089041097744
88 272 95 0.4065162268679431
45 342 89 0.9629465900769075
150 8 48 0.07905635966816704
88 89 98 0.38859704259349637
85 82 59 0.6147283386657462
183 119 78 0.18023774199334264
128 220 28 0.870953293208743
74 106 58 0.6089112460533886
90 288 87 0.36074579769369886
171 287 39 0.8235712560864382
133 232 49 0.6874584540777426
172 123 101 0.3728445877118389
45 98 33 0.5830735191968521
162 384 109 0.5726421409453655
29 7 40 0.31377041360826563
149 124 70 0.31990627635043856
155 377 51 0.8472543576615361
80 351 105 0.7119784631799112
130 314 97 0.18216922472387165
184 50 22 0.5183120537085629
181 120 59 0.15326753950547556
61 376 89 0.1680515794461851
0 152 60 0.9158737638390704
109 317 65 0.9525381367041365
43 357 30 0.053231129692716594
