137 365 21 0.9584646513061605
80 301 70 0.6382359533075723
190 303 28 0.7813724991852147
174 14 34 0.85179221809668
134 194 67 0.012216548059934329
123 322 70 0.9529062376382935
94 179 97 0.20938642104429483
187 263 29 0.5224527285113354
5 344 45 0.8891080257893798
84 238 43 0.6444291477316301
190 294 39 0.3994851193486997
149 196 76 0.8513336495216658
97 249 34 0.15433652886273652
94 172 97 0.38586089345607866
199 240 85 0.3225718611833386
98 78 76 0.6750634676680054
170 177 58 0.25672556367904464
159 124 97 0.1622440546749072
127 168 38 0.21991123210340624
185 73 64 0.8436020792023108
172 313 34 0.5088059500831635
43 262 21 0.19428552529256093
159 349 74 0.782626139076718
164 141 40 0.5975354736436008
98 370 24 0.3749351418121327
146 111 65 0.9395721175373434
8 247 25 0.15501118494965405
