13 400 91 0.17424849204644244
118 98 53 0.38131239050889
138 151 106 0.3909589465368756
64 46 58 0.5822385948589203
116 174 45 0.5141257629402183
37 342 98 0.3136068866432168
84 262 66 0.4581754555860297
61 179 65 0.547300244389168
129 244 34 0.5217734235456818
49 137 47 0.8513135792585205
67 318 67 0.7560156742472124
74 207 96 0.03161721200660361
29 71 48 0.6414554140541903
22 4 106 0.4349056335368625
105 204 91 0.3612863952108012
60 273 78 0.34965667175334103
183 167 101 0.7850643874512001
79 364 107 0.7100566062234812
29 29 79 0.16685109347761196
33 373 82 0.4383781903299713
112 34 99 0.2124382758717147
187 65 94 0.6041346447331188
160 328 38 0.6124627466536054
61 388 44 0.16405621462393338
154 7 86 0.48931537658556823
38 40 106 0.01887094842413828
78 329 40 0.9583354983848364
187 267 102 0.03955847935410561
2 229 45 0.4388881771180895
58 233 36 0.2930436370315853
53 76 60 0.5756111395891621
167 78 56 0.6805696308652082
0 254 81 0.2207538875308318
137 210 46 0.27258403659483965
136 324 85 0.2136195400020664
107 362 88 0.6288952434971469
135 310 51 0.12848645091437105
120 233 41 0.48180310275165417
164 10 68 0.056418008653767004
109 184 73 0.2101578219375645
