129 346 29 0.8117655348777091
4 47 36 0.5465959223299326
97 35 106 0.9469846294714391
123 95 74 0.309078641717069
162 281 87 0.30268274595362366
155 209 108 0.6247796532514512
141 94 92 0.25848664991352877
44 291 26 0.8314283279988752
103 209 89 0.7972349268181127
130 82 69 0.03723503828917363
67 111 23 0.28953306198687334
148 237 108 0.23213235977114066
170 56 74 0.5140700328745558
179 290 84 0.3869285835370788
52 57 85 0.8919540794947692
35 148 49 0.32004785305779127
135 6 41 0.6831095992028065
108 357 101 0.8071628712832444
1 96 40 0.7414610153735768
97 232 78 0.9637863596784508
144 375 34 0.8095586311147339
