73 6 82 0.7426183183000422
183 227 93 0.6143929151471296
93 202 75 0.07981635127395237
183 279 83 0.05061045043967338
6 144 33 0.9506007376982808
45 130 104 0.3406261443396862
17 249 30 0.5016312405058934
94 302 78 0.9298371446404521
65 28 54 0.27231377795143086
53 308 86 0.4347291222646674
34 335 93 0.6349845084748805
39 349 58 0.281062338467153
166 167 72 0.11521339743365278
134 198 41 0.9580624702835845
69 261 106 0.6300131272605296
103 214 54 0.3283830884496498
115 148 46 0.7815891676778951
178 215 38 0.5946429613459907
105 73 92 0.6910562807750057
30 136 24 0.9575682367320945
0 25 84 0.7979426138861461
120 251 82 0.8816806339895049
198 322 51 0.5489796686240984
72 183 22 0.22808806649901914
