125 248 56 0.08644498420468527
75 134 33 0.7887977070810976
18 263 92 0.2483749502711543
141 23 51 0.9751956248112681
80 19 90 0.97703925413479
77 172 34 0.349933237620331
166 237 97 0.6172872239386163
196 4 106 0.14722387786614055
128 41 91 0.10958174098147166
134 2 22 0.4956382321791657
198 189 49 0.7133136388173252
195 214 31 0.06728197657829837
74 54 107 0.27026271376802447
6 369 70 0.9695787555438435
52 295 35 0.4635132251972536
16 130 103 0.3969732009102107
191 181 53 0.4404263318697046
181 6 24 0.9227433952848264
174 292 90 0.3172807055999647
119 131 61 0.9904014561378257
20 162 88 0.8147928576300979
110 184 70 0.943892745678761
145 116 105 0.38056055070193784
103 253 72 0.7753233066874007
116 121 86 0.3223801724811165
152 57 37 0.07063742275917195
200 245 93 0.8966433334963191
161 263 51 0.5724418857779026
