139 302 106 0.4264137569714167
63 234 47 0.8450937398208795
156 353 82 0.4996812968958031
65 26 98 0.29087162653491083
104 171 26 0.47292973115594694
182 51 28 0.4051999926937836
46 13 78 0.16431194088191903
68 206 79 0.14746148773769352
119 33 59 0.4140840489600399
0 198 102 0.681131822075239
169 40 93 0.9769108262128519
48 366 32 0.3292348793443326
114 307 63 0.2792648624245423
164 156 39 0.038026295806429244
47 358 28 0.6612981134168148
190 44 76 0.2724365984960774
26 248 78 0.6254730483864306
48 262 40 0.19821068178555656
195 240 73 0.9892990809800811
42 250 75 0.6161203845348617
133 344 55 0.4158566267773871
200 117 68 0.6602427413337242
45 263 67 0.9572624716418131
46 363 52 0.5700515207612445
154 171 59 0.09969621621948743
78 388 88 0.30562273562989206
40 359 39 0.6115960174288687
23 175 106 0.26179933468932726
63 147 95 0.2895741704343875
34 132 86 0.4550275844195485
200 254 108 0.836243787580726
116 140 37 0.07399907555283491
14 97 31 0.9168749416613723
60 76 109 0.9297608112093073
7 141 103 0.6095489095327409
52 361 36 0.015152120792795931
139 23 76 0.7112532936971704
131 46 46 0.09558622377177906
