200 165 39 0.656891965296306
134 257 58 0.12409732148645292
30 229 35 0.4290463656570115
81 392 53 0.3260842616851589
199 179 37 0.628741075025864
158 218 88 0.8486876516889392
83 348 75 0.13249072422044095
140 149 87 0.21169536563727698
83 386 36 0.6989803048504918
132 371 77 0.7565183070403538
37 33 40 0.3508618018367148
160 298 67 0.3149090624244515
167 197 97 0.7978947898317758
90 113 55 0.19762518182981204
162 313 35 0.5257217516660683
150 153 77 0.23684355629266896
96 305 29 0.500907976998604
115 346 109 0.8713957688824981
78 136 43 0.4732223333890988
120 385 44 0.07906412782235583
105 81 67 0.783173378324815
179 122 31 0.9351397109433026
170 257 75 0.591972648569151
