48 157 91 0.2038251443433987
187 309 65 0.1656481638888816
32 346 107 0.5622176138831826
136 316 23 0.42890080202342906
90 98 80 0.920205179985654
88 318 29 0.006476793928973046
111 231 41 0.5140949347331767
57 54 30 0.7983621986701883
86 266 36 0.8007730505320416
132 115 38 0.23413102167646205
29 391 72 0.5476620379278401
35 370 93 0.6104346704254785
105 155 36 0.9040534665878863
64 291 50 0.17389560088954192
155 313 60 0.5117070409340746
74 174 61 0.8492654448455512
193 6 79 0.02184551885148389
46 180 36 0.2804712157940532
89 52 51 0.6567850040095311
173 184 108 0.9474064303244271
41 385 68 0.9181800994139123
185 73 73 0.007043898346842714
87 160 87 0.9491814134993325
106 234 99 0.9818340838443725
24 349 34 0.8239145269922664
23 193 64 0.019422811973489496
80 243 100 0.5687221376483117
10 120 53 0.8075872465976462
40 304 96 0.12035495090359838
50 54 48 0.3739180164275894
110 227 81 0.035683254244564644
