157 91 31 0.8459104612139217
99 249 71 0.33720729371107416
175 313 29 0.5813415953723315
103 49 104 0.7242985020636682
47 8 37 0.2926075837655109
84 219 98 0.3296664999374582
18 13 26 0.6213817281138218
128 264 89 0.1534896153419275
174 46 56 0.6397649123634398
113 123 94 0.05820311882561835
73 29 35 0.9950823715172862
50 222 60 0.8163163224972687
60 75 94 0.9028117350869326
1 170 37 0.6813939905067867
69 395 109 0.06250834492855817
42 233 35 0.7131608361671815
123 211 35 0.18415448754123498
87 130 48 0.1019089537102168
35 261 90 0.4517439531456162
177 221 93 0.25297155954456707
181 30 90 0.373023509699845
124 364 95 0.4371900040346529
17 315 79 0.38961109598211496
63 26 91 0.7202356016565704
75 264 97 0.20734531720396343
116 183 70 0.13384725181442725
97 341 72 0.5028472944225687
177 275 33 0.1121935581174901
