165 342 75 0.2119506752157565
46 51 87 0.47751466537428566
64 84 85 0.6850509483430626
162 322 30 0.7547728127877051
46 71 97 0.5903591761354244
1 131 33 0.6092060514848571
132 182 58 0.15542072860838907
195 152 67 0.39937206128957115
32 189 46 0.3851281096263659
1 229 35 0.1508032459837746
52 314 95 0.6902662618165009
133 144 23 0.3243180896492287
129 208 84 0.34875377588090106
157 270 55 0.776071936274189
199 319 68 0.1548431073818054
148 293 27 0.04544900990405243
96 286 52 0.32132948282357854
90 147 62 0.5033879986225537
110 273 54 0.8310727597128335
162 162 46 0.49662639129224795
37 107 82 0.5128156821128272
145 302 38 0.5349542566666388
159 136 27 0.8191198552337284
189 76 86 0.6605829824503544
44 236 75 0.7780934777577054
27 24 56 0.6092334380857916
50 243 61 0.5081312579700991
169 337 41 0.5067182524291843
168 152 101 0.35167622496543016
134 66 51 0.04833855688789801
103 10 51 0.7459608247880338
66 304 103 0.42639935029624054
115 303 49 0.09632163389997372
