52 347 52 0.5011769530249233
55 336 104 0.17950074438249985
190 357 53 0.4132485856204452
123 12 104 0.011081564713059988
121 341 54 0.4960182567136602
181 243 65 0.3379736562255219
80 59 78 0.4860175324815664
184 50 62 0.8232819888301525
31 21 34 0.8007884002852528
36 49 40 0.22675276969928104
78 27 107 0.0373458970536914
111 59 63 0.064501330032397
110 389 91 0.7429950798721403
102 289 76 0.5224771169342594
1 296 96 0.7109950635160832
85 163 96 0.5637999008112691
51 271 88 0.6516978052303862
2 184 88 0.9687692498330094
105 396 95 0.9252485192231418
143 3 73 0.17658041066741126
17 224 55 0.2548395677672822
115 311 71 0.5382094167793667
183 29 56 0.2968190137853842
82 110 47 0.15171659910491186
119 127 73 0.786160481213378
61 164 29 0.6475608578856588
58 308 62 0.6410522833349932
124 309 107 0.08410057663785708
138 317 81 0.879244125053851
14 94 84 0.21323977771801883
124 183 79 0.5067901256369028
21 40 61 0.7097581397054853
