118 90 69 0.44447308664289187
37 240 97 0.1912261386013675
83 75 59 0.9439176179471104
74 3 70 0.18045147407969053
170 254 101 0.05031871087956208
197 109 23 0.0015729940439132006
103 96 94 0.2581125977720623
174 365 92 0.23458386261626318
189 50 25 0.6122995236439656
66 143 28 0.8775029471933697
193 195 40 0.4941982416104017
142 137 28 0.14170470666406698
185 65 63 0.5178089661679676
75 276 99 0.18670652328389503
30 22 25 0.9369199096948635
135 68 26 0.33770307068334326
195 37 67 0.9041832351152981
113 155 82 0.931173158460047
70 194 50 0.867215471984605
193 124 38 0.10296684994243632
95 28 104 0.7965220150575769
88 231 99 0.1647880800482654
53 126 21 0.023976884852044633
198 326 102 0.3478778869171195
95 183 21 0.5959120491530808
11 30 25 0.7559387039649432
72 208 86 0.32904829242086886
77 22 21 0.9455253197683626
197 97 31 0.4554712964803115
125 390 105 0.28010354276350735
