42 62 108 0.41382386602139465
115 360 82 0.1585538342792452
47 35 88 0.08053134312212118
171 120 80 0.6483122215773025
131 340 98 0.9165547929229421
21 229 75 0.30833986564747484
107 208 103 0.8152320175435424
100 107 99 0.4632820142404853
57 63 30 0.7446548727541968
160 296 96 0.5803134646393473
100 340 93 0.6696541317106556
58 151 52 0.4580382846669342
145 31 97 0.9231416589728825
24 119 31 0.2325262745984522
75 341 92 0.8043111751477662
162 98 69 0.8098026038115488
19 34 105 0.4865282797867475
125 392 99 0.12514511680551943
19 311 64 0.8897152589159822
79 12 74 0.7966714141263761
105 375 42 0.32509583345765924
100 364 41 0.7637529645735223
50 346 104 0.975361844764622
83 318 57 0.5903687997559675
10 308 29 0.5610863129272913
