132 291 103 0.6717546448028905
198 5 75 0.9970316089963506
144 150 99 0.8387961893351601
86 258 109 0.7059999841680491
74 186 21 0.3266664186570398
91 187 25 0.7733668375931436
152 303 92 0.6255268221895486
90 273 61 0.030850816321741803
39 138 56 0.22593542401748112
85 48 104 0.8383935302343386
92 347 21 0.9507777121302753
49 70 53 0.5505059654123029
116 258 59 0.21844637940708922
200 93 42 0.05439139904489032
135 161 49 0.6904183757728202
47 120 46 0.29217991324192016
112 68 74 0.1136936384711913
164 345 53 0.06270984808646263
30 64 106 0.9107468942581314
131 300 42 0.2618408273661187
172 89 62 0.21042855511807101
11 371 83 0.4681898037082656
50 348 97 0.2928661771019071
5 328 52 0.5434178634095582
54 358 76 0.6561640759287057
139 18 56 0.9375335126237722
140 84 48 0.7406221097125855
193 105 43 0.3220826154539109
128 3 70 0.4574520520734702
67 307 46 0.6436964817573444
23 168 81 0.27726934165656947
