162 22 91 0.5935162210615099
158 337 78 0.16758633196093542
64 238 69 0.6877063978466971
192 234 54 0.1674698844403617
21 85 42 0.6513597970581194
134 342 29 0.809762259682215
171 163 71 0.5889505209661972
60 187 63 0.8097507721442277
65 281 56 0.15639609883994654
50 393 38 0.557631894964885
138 366 87 0.008181167564112246
61 34 83 0.6984026690287591
17 142 43 0.8582499231934794
112 159 105 0.0772443266885059
117 99 79 0.8790612013308333
36 358 56 0.3801382043266619
169 42 60 0.6686456409338544
27 32 109 0.1836898305903405
164 25 89 0.9603390077937194
126 304 89 0.28710104747996446
177 138 76 0.07754569215058027
177 100 22 0.942622538572221
151 59 102 0.6927077604104254
179 126 93 0.32356566648932317
6 120 22 0.8477028800611605
196 397 53 0.8895792134226937
