45 334 74 0.6135050369392924
191 397 91 0.1801975762490815
33 355 71 0.627167761285631
182 339 74 0.5307176930257848
2 191 25 0.12126233469977032
197 47 76 0.028939658202162932
111 372 30 0.29477843502141965
34 240 41 0.23426764192855853
48 98 65 0.262084848571731
118 64 95 0.4445964116503961
48 212 84 0.9413283195282364
153 105 75 0.5159326375905143
24 93 34 0.7368673530027838
49 159 62 0.9627616336957879
180 223 29 0.707176522886826
200 307 66 0.048404647381265486
108 188 93 0.8009706333057003
196 386 83 0.37931767605560507
130 184 58 0.750237982504011
178 304 62 0.2352976508294321
14 169 21 0.9579995741175564
51 80 91 0.5626438890146918
187 62 31 0.6805010250365828
197 25 32 0.6992794085313312
35 283 83 0.27159753422935684
147 216 33 0.4029811994751744
6 261 69 0.029535987738417924
195 145 71 0.6922792872478595
88 216 53 0.21853497975020264
119 144 47 0.1867811049201651
192 86 96 0.8300981587098919
72 304 27 0.7982460976192265
7 176 69 0.5639116568170462
194 382 81 0.4655688116856306
11 266 104 0.14140946168013369
150 319 104 0.9493002579197332
152 269 38 0.9067442203107484
188 270 93 0.08729888539884256
16 183 42 0.7565009392340608
