127 328 75 0.0872934569183601
36 153 106 0.6356566115355715
81 46 72 0.0061606945544573355
122 126 30 0.7923627757499198
12 137 52 0.6847465151293417
165 389 68 0.5324573757718615
87 70 25 0.5717948320205332
118 330 103 0.6991975193372513
111 26 45 0.9621878759050982
166 392 89 0.17817608041396094
107 133 73 0.5775952300890858
200 113 40 0.6728915609094103
157 191 80 0.03001258512534266
6 309 75 0.7851027666050551
170 351 79 0.8624407689249066
88 356 31 0.8158377492755513
50 124 65 0.5223968964704983
103 64 86 0.9780022618718524
101 285 103 0.5409384486682618
23 238 34 0.4163573893975707
172 57 109 0.7905523337962519
80 36 45 0.7582317702270628
166 400 43 0.7215616871464738
172 260 104 0.6799229266942551
59 353 57 0.32408751051745144
