3 185 28 0.4776956864730675
22 146 74 0.662560599730964
99 75 71 0.18298842908732982
36 339 73 0.4864022378767092
139 215 67 0.008056629320054909
153 130 90 0.7186922924393099
44 36 97 0.5606415349842915
187 361 74 0.4043152697323026
122 218 76 0.47208290622290694
44 322 108 0.8677399361102264
42 124 80 0.5334534125429384
100 398 74 0.1131721352820605
29 136 72 0.9136831631802826
79 168 27 0.5649363980074251
51 153 71 0.4099575296795962
30 110 52 0.8247745866846806
103 291 49 0.3188241433311416
7 152 38 0.7035092351687047
127 308 49 0.3808497335082819
27 227 94 0.2852165304257681
127 108 103 0.7412805047268277
67 350 71 0.07864229278220836
188 11 33 0.2985732152785313
169 243 25 0.5570934238791236
184 287 54 0.1046733328283399
36 179 35 0.9867499945200807
