67 261 40 0.40896077365839534
37 253 44 0.5334197787535998
155 130 37 0.06764694058187337
98 295 67 0.7343918996262294
188 304 36 0.21398508629755975
32 289 61 0.8393655055066153
60 365 46 0.33818048717968263
94 230 44 0.3427711973044607
38 159 79 0.48998328563131466
91 400 49 0.8903036036249682
88 114 31 0.6174843838326511
7 379 75 0.32633391115706034
64 372 51 0.16313433872253702
200 60 34 0.8992824814317556
76 253 78 0.4412039606010184
42 44 31 0.5429754419578542
26 191 33 0.12248411426869021
79 137 29 0.30626223559811805
60 209 71 0.3985554370928487
101 187 69 0.6223832665906829
48 387 75 0.3563026456507371
6 131 45 0.9760454047913877
182 109 81 0.7341648302929799
