195 96 89 0.8622240650915357
155 372 53 0.17223623199445792
41 318 61 0.5090018430847516
183 380 45 0.11505844801969789
9 320 88 0.8912087107915786
160 317 84 0.9544439958548178
72 70 55 0.13890341649945115
149 388 76 0.5895910298160363
126 76 41 0.9918601132953556
40 231 57 0.24336657985368249
55 126 21 0.22565661769334044
53 373 61 0.03347247201829506
33 45 43 0.1603345772737812
105 373 63 0.6964165179624536
73 239 97 0.030112497008947248
95 131 92 0.13239596285938038
51 267 60 0.6622523657420161
38 219 80 0.9723142003232854
136 55 99 0.6400023708178669
115 87 60 0.33124918740003084
16 272 59 0.3652991172773187
170 137 52 0.7443081607068689
80 149 43 0.7173405264591272
140 322 85 0.6654567238329655
181 63 94 0.05740277170191188
102 325 55 0.10193963554892693
70 393 79 0.515136749920738
31 223 39 0.5033929369866761
131 250 94 0.8070577801320146
58 331 33 0.012893664478694222
85 270 95 0.7452776433825975
113 23 60 0.3608750025321886
146 384 46 0.5811610971955512
