190 258 109 0.06556865582536542
144 132 27 0.7532868126408061
174 222 26 0.5725719584394893
194 140 42 0.5222121399549876
16 179 70 0.8118106387212124
196 113 33 0.49656550499179297
78 390 54 0.6322434047368054
103 200 26 0.6189088761533463
35 84 67 0.7063885943722414
48 225 65 0.5232684294337339
8 386 86 0.873565185980065
26 194 44 0.6947169516915009
19 251 89 0.8336024734585685
142 74 31 0.8099884378971408
119 163 62 0.8178213548908211
162 242 28 0.17735156549701236
59 140 22 0.4110547251832408
166 59 51 0.9514026311789845
173 73 80 0.31636527679820914
184 272 101 0.5118430429215527
18 251 76 0.2811624831644278
13 294 62 0.4680158636108587
83 289 41 0.044026300593437484
102 140 42 0.20394711215064942
47 351 52 0.07551445495663278
179 245 54 0.27903441926406913
