136 352 56 0.2378547342377153
172 116 57 0.43461432208793793
161 118 91 0.21295086917645478
128 164 47 0.3959780041802389
35 231 39 0.13633809191089696
20 123 55 0.04672966148493707
148 180 98 0.08983341918945031
35 210 93 0.02161969030423372
81 12 47 0.5700586117664649
101 394 93 0.5551808712719453
115 189 77 0.560194815517719
12 5 81 0.23610010181061347
72 192 80 0.2658363919584241
168 105 103 0.00791206285002577
13 215 57 0.0014749575320901487
47 103 85 0.3647840280903055
92 211 45 0.1414116804206208
48 282 85 0.24164903549009809
15 194 83 0.5753522468758554
154 143 108 0.1668836857902325
165 308 36 0.06471061837231995
196 308 97 0.0779996864465009
158 312 44 0.4091512103358911
94 304 94 0.8629487023623972
170 28 79 0.871323290199305
113 205 93 0.41949050705742996
12 349 43 0.9615246849895942
74 111 67 0.371724197115642
117 395 100 0.6918960849521456
187 79 94 0.0553546293731737
61 105 95 0.2001499154313966
108 201 72 0.44840666673736107
70 323 106 0.7734858409854654
21 153 79 0.5597865564493457
33 137 21 0.12212661767266153
