50 177 60 0.2993424147693592
159 86 91 0.16745115848660885
81 384 54 0.4727233424927557
31 240 61 0.5671536655539674
10 368 100 0.193791540723101
125 67 75 0.42674292626379007
173 266 68 0.9518559688239887
66 60 82 0.22622176829387863
11 23 74 0.8384810439938152
179 95 102 0.1620343657717801
87 397 28 0.23240793294469164
21 362 53 0.045865144111294054
46 30 36 0.9030545148440446
80 243 34 0.3572108999998366
85 336 103 0.6975135448453016
156 212 99 0.8560395228939292
40 287 72 0.6885509006290241
104 228 54 0.2696124418307343
136 77 73 0.7600570274903696
134 120 76 0.49769066272968365
131 152 55 0.02976860229937972
46 385 84 0.911483545580266
61 350 86 0.468461937739032
157 91 82 0.29988503700936
95 97 26 0.18048195386263055
126 67 23 0.38567405043442604
49 151 79 0.34935830292539827
24 145 49 0.30295601720996423
31 168 45 0.38049329054741954
25 65 97 0.8068337886813868
75 101 33 0.1469688746036768
178 395 76 0.23793702139363537
6 220 60 0.6567512838236396
53 100 34 0.5723485902429786
99 317 34 0.4820881934276885
25 380 62 0.3925631072604657
183 58 28 0.2798387641507173
186 137 59 0.264393965132391
