68 43 70 0.8191217829363208
52 44 93 0.7773563447986784
55 13 32 0.9342893281121407
78 178 64 0.9808443792079636
48 355 43 0.5445966350529222
171 393 101 0.056418710465768074
182 106 87 0.6225932538831108
3 98 72 0.8509867061734923
145 286 91 0.03852095570664005
43 156 105 0.47254104539121744
112 5 49 0.05623569419138341
84 294 31 0.39385118310269607
102 42 89 0.9944194891231392
30 331 81 0.9478931904162413
188 181 84 0.4666124243637909
84 288 60 0.03831964818088862
35 342 100 0.33504114418187836
80 46 71 0.22282482431268835
117 12 65 0.19909840333537998
144 272 37 0.3638677303526664
72 116 49 0.2194154559738425
80 348 57 0.3381669572698496
157 334 72 0.27537491200928954
151 388 47 0.011875609360474826
89 41 91 0.8652234532286339
194 173 97 0.5067564302772259
99 326 92 0.8130630177067397
16 316 56 0.41269245894811424
8 5 44 0.9045867278914839
13 385 102 0.0961280855438249
14 30 72 0.6810501834967627
102 319 27 0.12850795526997139
161 80 24 0.2531723807381504
172 187 89 0.6327854924913178
176 37 46 0.8623708124363735
44 155 68 0.854055353705642
179 335 71 0.2186379584695296
113 13 106 0.49479470418841887
82 263 65 0.6017155119025145
100 87 43 0.22760743206108291
79 301 34 0.9735737367802014
23 394 43 0.8374012992929644
146 246 93 0.7867791852347675
