52 65 69 0.46352074519640585
7 40 55 0.5754537988431965
197 245 65 0.77521913723888
161 323 101 0.7168578768237311
54 19 55 0.7318886295773337
12 397 106 0.47127911131920863
64 226 29 0.9906689688813365
109 219 73 0.21886277599376014
162 362 63 0.3436654832044501
161 150 45 0.9212183449872787
34 56 71 0.5189186433566388
90 200 49 0.5463270509338637
180 342 100 0.03931257411917766
179 191 37 0.5966342197806002
76 287 27 0.26163121139131973
186 202 84 0.2593650192886531
21 280 71 0.6908159242011482
60 174 70 0.04304768429078565
71 228 100 0.538125192532395
109 162 46 0.6061928320819258
53 273 41 0.4122849441772354
35 95 24 0.8129871616154104
58 32 108 0.8898208261100063
55 137 40 0.22691930335808919
179 257 39 0.48163874589587385
85 283 45 0.989226734729303
141 311 89 0.2533912093561621
140 249 95 0.16531244458455818
167 287 89 0.19060101353892223
74 284 93 0.2041087387781909
