151 156 31 0.803549429338352
38 1 72 0.6553145774965914
101 179 41 0.46714917508456866
135 171 36 0.9997148608140419
143 81 65 0.05331747202685955
106 29 46 0.3799323035611252
134 294 79 0.26726350718328484
3 202 77 0.6561782717720434
118 237 79 0.550963360683157
107 262 27 0.2993707986536883
178 399 72 0.993430082430262
14 141 73 0.9568938109705758
130 348 50 0.0033138608142753156
159 122 66 0.775219799682479
167 380 34 0.019505506399327244
160 20 70 0.44741199045384994
140 360 95 0.7621030822830303
156 111 43 0.3625676163559002
53 63 43 0.6076523403458397
143 305 53 0.5250218793747876
20 145 40 0.2582742261631463
200 267 41 0.23791217117105135
184 301 67 0.8348256277780046
72 194 70 0.44182596531896545
59 42 66 0.3421103050521672
119 26 25 0.27824050516562515
174 126 51 0.3134706449135036
160 146 25 0.27524391263425074
