124 45 67 0.5598755195048247
1 56 27 0.7399941759517112
131 338 36 0.5964503468870731
147 27 85 0.05152349804578349
146 207 41 0.9432709310325464
171 232 81 0.5533117208003068
76 214 25 0.9909320202830695
48 378 39 0.139358018192985
29 42 57 0.9496714820165482
72 350 46 0.12114393116898492
21 241 88 0.6648154456341921
11 28 89 0.9621860836699224
79 159 24 0.37871029867151773
172 89 106 0.8529219603541248
37 89 62 0.14718634363320304
177 142 63 0.8275147856867642
127 260 81 0.9130012980671649
166 99 31 0.3109862452656571
139 280 57 0.5863048543704151
136 190 106 0.07998902456322943
38 302 84 0.3266310046042734
59 326 35 0.5241971704609902
121 73 22 0.6731796269962795
53 19 83 0.2117083414274621
58 326 33 0.4256371228942495
31 216 44 0.26119916559600864
13 214 29 0.9272342668932462
182 225 42 0.5482585892794292
1 36 71 0.5903820136832281
64 260 81 0.613529312614287
