11 355 104 0.7391663482824725
72 199 95 0.061558785077074796
79 379 107 0.15445692370888098
162 379 44 0.5138966490611392
45 209 79 0.5944587706406574
30 42 86 0.0006192326514203872
33 266 79 0.23601348369877861
146 224 69 0.6078261956546207
95 62 91 0.5359781265071036
81 263 56 0.2528571995725716
29 229 103 0.12839963765350437
155 53 50 0.4998496420859936
6 63 91 0.22638015167851866
156 246 51 0.4531545877429889
53 71 85 0.6186092140434818
33 285 24 0.07529043622138543
122 60 33 0.7485435874578824
100 261 95 0.2649687501072723
22 384 27 0.3062468027998553
46 47 53 0.43269489406739514
90 164 56 0.18032356045373077
4 278 61 0.2347472815881284
59 204 63 0.5984900815949304
157 361 46 0.6562263554745225
144 286 62 0.16093728785162675
123 303 25 0.4250065358986712
67 227 95 0.22239020675509125
