157 76 101 0.8464303538691749
100 7 84 0.4681678032985336
79 167 91 0.02451631060087911
161 147 107 0.1396300827319248
113 140 41 0.2922465290528776
175 4 56 0.16255171352364695
168 18 85 0.5649977725405197
102 12 82 0.7384827328752953
62 347 34 0.8449431867895274
106 246 68 0.08056340492241398
72 351 106 0.5413900536117625
100 74 50 0.14975353825149917
33 396 55 0.5157881735200767
103 392 71 0.41677993788688017
57 23 107 0.291098503625039
185 48 91 0.479897861075264
47 364 99 0.5256685099852518
144 235 51 0.25197080042358544
196 133 86 0.08674576616151142
126 136 48 0.56720830284685
158 193 83 0.48352606978825186
91 79 95 0.7197946385693735
32 62 35 0.4241640438071269
109 156 56 0.5632906622784123
58 121 42 0.13440118467109274
106 105 106 0.07336218467129929
57 348 67 0.5859836129410756
50 396 34 0.8955092909518428
