76 302 52 0.0851550724464476
147 112 50 0.1768991333360198
80 350 96 0.39066221109446775
75 71 94 0.925095825500673
144 105 44 0.567657533410566
192 92 70 0.3057363776837114
169 323 45 0.47782174228691243
33 284 103 0.2399630454048326
113 150 60 0.9499807568859728
2 324 43 0.08283774645831599
43 348 83 0.25331953771707916
82 121 34 0.9672366955055326
69 294 23 0.4064322417552083
73 315 101 0.3462937945587753
173 94 87 0.5328507017158834
49 362 86 0.37050373225294
158 246 48 0.9562631218349353
71 106 52 0.04107903556019432
33 281 26 0.9624704268698768
156 396 44 0.09900630684696121
52 1 52 0.15565235747925843
101 225 109 0.8546367191955854
77 272 54 0.8369271005669674
167 163 88 0.4386316952545549
181 260 54 0.19910924139692632
8 230 57 0.17059173837084296
0 160 70 0.41140828173093313
96 327 63 0.5814072561142303
61 294 92 0.6261440694056513
157 21 85 0.9947231666417341
126 230 97 0.3387403110398747
0 184 39 0.8496337720564103
51 110 34 0.9609106732793187
168 310 64 0.8319152737759373
59 262 29 0.34670218686772714
174 127 106 0.3949226204928128
197 280 59 0.4602434111877042
85 326 32 0.8729829291254323
9 125 47 0.8030626875571281
197 100 28 0.36528889897424344
147 96 82 0.11990463905307913
152 18 94 0.6502594603752363
75 184 34 0.8966453954615047
