104 224 106 0.35440242850526715
122 276 72 0.9081598315146769
56 312 36 0.22630972416607498
89 75 61 0.5135733622714331
37 70 60 0.29277039426121376
109 249 21 0.7423639895654638
38 333 106 0.7052783706449964
129 12 103 0.07243003599020603
0 395 68 0.16563862702137067
141 110 22 0.09117901038050291
180 260 67 0.7844711557913469
151 151 79 0.08861659708691616
152 261 49 0.04271066410639446
156 39 92 0.7968232696568454
197 109 70 0.9718209749810408
107 242 86 0.8126844463051773
187 200 63 0.0490246080083645
99 120 50 0.847594652578348
56 33 68 0.15963941586633335
158 325 94 0.21863454494097734
78 249 52 0.14382746475711627
139 28 100 0.3508501891528094
17 172 81 0.7807367196014697
113 307 38 0.09441487941673976
129 110 89 0.6661924643398811
5 218 87 0.27115562625030776
77 198 85 0.0731391216673214
