39 312 56 0.4957202347376798
81 293 64 0.558398745650305
198 352 84 0.48724513155990534
61 399 99 0.14659294258890898
65 64 74 0.5884653211308271
171 104 52 0.22253928554273528
9 317 59 0.07392015189014889
172 69 107 0.25037448940326246
120 98 55 0.2878884471459138
131 43 83 0.3369814003846794
86 143 67 0.5522227525318848
4 400 39 0.14293218212189618
170 137 95 0.8415702088724112
70 296 37 0.2854085846150899
20 123 94 0.1428051545303073
29 208 92 0.21800934815805673
31 8 78 0.553050990807965
41 32 89 0.47137421179669037
47 373 80 0.13573851159205552
121 193 53 0.7207970531668452
134 362 59 0.8672462906083842
35 374 86 0.7713069656868586
88 85 35 0.34633519686254677
182 181 102 0.766990525830603
7 128 62 0.5127252653310301
48 225 73 0.48094179347034693
140 150 22 0.35205243524575514
24 236 77 0.5502365220195186
78 368 91 0.9734119964069364
14 167 91 0.3103141360649956
194 305 91 0.5694546848007856
110 216 105 0.053929977926585826
173 105 31 0.03948994201203926
174 171 66 0.7461910581197764
