38 324 54 0.13395671443097212
186 387 35 0.2804790193539154
95 194 81 0.14601257137770196
15 285 86 0.8517923773128296
22 75 103 0.6809240554670047
118 33 104 0.32891032592509695
109 228 24 0.10547281724934465
152 194 27 0.5293972224914287
90 200 94 0.6512848756684754
154 163 22 0.9170022911305313
58 318 74 0.4659851094733498
110 238 40 0.6255609334774579
164 384 52 0.24747546957315347
191 225 64 0.04732396244765369
42 379 92 0.41236836217665385
105 380 68 0.43498937961464623
114 250 74 0.4584917719709911
166 334 22 0.945809937702741
54 345 80 0.5945314292898912
11 263 76 0.3113302857556668
31 399 52 0.016186227238761952
120 172 95 0.005431343458414339
8 180 40 0.7063457934791991
40 363 71 0.2842914999103968
120 214 59 0.0908169430551431
121 89 56 0.9737250591721441
152 267 86 0.3135228408546228
94 325 105 0.13960147531430767
4 248 52 0.6157864641966616
105 72 71 0.4150037015609167
1 80 90 0.27522033041352356
90 60 75 0.9890940408723085
128 293 77 0.4506135511042554
7 68 107 0.9151337095033201
102 141 104 0.06523252894582765
190 325 35 0.7533166507611992
46 72 100 0.5583983958314327
186 73 102 0.9445601389462004
133 236 98 0.15315384635043716
