85 213 103 0.4409712708426379
171 387 44 0.515844398837906
100 198 22 0.9484354839746039
134 316 61 0.25356287696778723
154 45 107 0.5941105179858887
200 85 49 0.0029051671323566675
41 376 94 0.16847354371037415
51 97 70 0.546305812373203
2 328 94 0.6970579732797505
8 391 107 0.9543175966197485
119 97 28 0.6272480996322123
0 214 32 0.6400065150119436
173 344 86 0.44140669780842534
147 74 97 0.8951134330684438
2 351 49 0.31590405946276146
193 22 46 0.22645828084105601
79 170 26 0.5654365702262952
148 140 37 0.40202100092553117
163 330 72 0.012776210557605916
50 274 80 0.05947352070859602
89 322 87 0.14273741716938404
164 329 81 0.9527327984465468
132 25 52 0.12532337671491534
134 170 79 0.7126902958790897
100 296 22 0.9946090386669462
16 148 31 0.01578809383348201
91 386 54 0.30120127459217105
183 219 61 0.6653017737743597
0 8 102 0.30653945998662013
