145 212 54 0.6258292136726917
78 288 82 0.5297522923930879
15 299 77 0.4613826410695596
119 199 82 0.8218334496469479
196 240 86 0.8666285918195178
137 68 66 0.0937146256335677
137 346 37 0.5696210372934585
41 244 63 0.2610134443725485
59 299 76 0.1848784813224944
181 181 82 0.628261397255186
12 128 86 0.49819799806865994
7 123 61 0.0025587054533595666
60 302 83 0.7596921265153798
189 17 65 0.1286630608302768
2 8 45 0.5259981997316522
32 165 34 0.2954208178779085
77 199 103 0.5853455129556301
182 214 84 0.7575300316101538
171 371 54 0.7756951268284455
65 33 86 0.2034989098054485
179 342 60 0.5222240951210064
114 352 73 0.7268597218942637
2 300 28 0.4391965369552968
37 145 59 0.862407777125769
199 92 66 0.3083789657001367
60 187 80 0.5772460920968955
180 231 94 0.8530598888813002
120 283 59 0.02210089433869733
138 178 91 0.6422630656505
108 39 94 0.396839222536286
161 385 65 0.889541311344456
184 266 109 0.9151371975385166
