139 249 37 0.7409213466474509
48 326 63 0.13093898003892812
103 99 106 0.7392970721664598
155 357 94 0.6111236979383425
56 373 50 0.31675359410716464
119 360 57 0.4823055869697489
85 299 25 0.7681474544351297
33 157 66 0.5914382640433582
17 23 58 0.41623644931958104
23 365 42 0.2572793732409533
47 361 88 0.426534873881135
127 385 100 0.955049203264497
133 342 50 0.4272457996911677
131 169 30 0.4224385641315055
69 11 69 0.7929822779623042
7 184 68 0.44472341621953404
24 334 32 0.022726760479023222
199 356 69 0.2307872377544241
138 319 81 0.5547039925278926
147 309 65 0.9551648591174409
182 328 107 0.36485393100510743
69 72 99 0.20498287475741883
155 381 100 0.8018928921672077
