182 29 70 0.01289262449298667
46 266 28 0.15954423435044163
173 331 80 0.3910241605922845
41 300 100 0.11413727853737643
82 139 50 0.33311484819989223
50 110 67 0.13745029860593772
73 273 72 0.6423924855319789
104 332 24 0.62140832357394
30 148 84 0.4359584739441045
188 267 39 0.8453757748410662
137 283 28 0.5013049685516892
51 30 28 0.6319065536462006
39 393 55 0.8328641053768
28 97 39 0.03567206403848577
51 154 85 0.88506168783018
135 127 51 0.9751387104234379
104 139 41 0.4095767792616384
192 283 101 0.6586396145846737
183 361 37 0.6108296770853544
174 123 76 0.7342793872347885
154 260 71 0.4591957135346667
68 104 56 0.9075066523186743
192 5 41 0.3404606835905297
152 196 95 0.23009286086619962
199 297 80 0.4281966605282712
170 329 69 0.011783329103499773
98 352 27 0.00657806811523165
130 4 79 0.40374778031663716
91 17 86 0.5593016024755335
160 258 81 0.8003968171378294
118 253 105 0.5863895498438813
126 88 26 0.6847178413551762
26 44 102 0.9090392024639098
106 390 61 0.4665391607467686
157 337 63 0.3623665040372641
80 282 101 0.9286207567008188
149 119 50 0.797435403062164
97 48 43 0.9425470288322761
