116 23 21 0.20929339103166766
38 394 38 0.3149834063107474
114 15 33 0.4901951538557675
39 240 67 0.44087883110330495
112 359 75 0.3040734965122379
183 7 56 0.19285466666846562
146 276 97 0.812089382082432
154 132 62 0.23952915783007533
23 394 81 0.7348306328834604
62 93 59 0.8287843400070959
85 296 88 0.5503062943115326
28 355 68 0.36041113194919294
48 47 47 0.296550202812102
147 120 28 0.7894100286223479
45 313 72 0.025958138948947496
125 88 100 0.21663996947336905
88 93 45 0.6913055093505865
100 356 109 0.641673494638675
16 57 54 0.034128378462307984
70 187 28 0.40868778335891454
192 314 79 0.25855376443158196
200 330 39 0.006430840518217962
55 155 62 0.039034973418129226
114 1 29 0.30716592296044054
69 253 70 0.7341108080477371
37 33 51 0.30915087474643066
183 108 48 0.6868386228298696
28 287 44 0.5130500282731325
120 40 96 0.7010441507101373
96 247 101 0.7081603803821404
72 353 78 0.6926340268231697
