71 396 87 0.09480860331743979
161 146 79 0.21053243899678942
173 176 108 0.6415278087971662
138 306 55 0.9899506203230347
152 180 90 0.38967239584412783
33 60 79 0.9829879957207518
185 333 35 0.29826946521760134
52 172 99 0.1394053361625457
52 249 37 0.801332912245042
113 348 38 0.3223112658609306
141 23 89 0.8554706341042377
55 346 93 0.3850340467527159
140 318 76 0.1969038523910065
10 300 26 0.28593493216602517
106 372 33 0.0948955090005057
195 215 86 0.38991369290419065
183 397 83 0.47018735994956506
144 356 67 0.5392019340886725
131 233 55 0.20221713679527042
81 187 53 0.798003859846693
157 26 93 0.4333547599194707
10 349 100 0.32340436880922385
28 168 54 0.7070775313642327
77 151 98 0.38035398706316903
104 343 43 0.5204637867472229
179 14 90 0.9010932812796785
82 222 66 0.8606221147365085
68 251 67 0.420772812816153
2 154 102 0.1839753984889848
166 23 29 0.21706129788729078
25 121 100 0.2641301913330668
17 399 98 0.7959968630465418
44 215 24 0.2806569480713801
160 88 108 0.02855069517750375
41 132 49 0.5052182779817105
