41 395 60 0.5208082742004091
196 243 106 0.7695366973558291
39 94 80 0.9338552082547882
129 350 59 0.011005232963457567
79 360 72 0.4418365844909258
159 4 74 0.8913764312957587
177 79 74 0.8683823734195456
45 338 28 0.8039010647146672
120 146 59 0.6923376172764826
46 374 109 0.5503934212978627
143 44 50 0.027401108826717202
73 158 70 0.21731058022449135
67 336 80 0.6196147769688282
131 301 90 0.5615286062033296
93 304 24 0.8355556245446843
41 316 64 0.1633140867291928
60 223 77 0.8709020668308747
24 124 82 0.00029611048156141795
35 28 33 0.5735017038739797
149 349 101 0.9443359268403361
133 76 71 0.9896025510544301
200 385 76 0.6909039830417395
68 372 26 0.07494169679300788
51 111 31 0.2577062072266466
167 1 100 0.32398359462363024
49 205 94 0.09165631627353266
61 242 32 0.7780324137477626
69 376 81 0.15590650074181622
124 245 84 0.39471012772611946
8 169 25 0.6032776007776851
192 286 106 0.29797063234726384
185 155 70 0.4537319108821233
127 290 46 0.6105346773640312
133 184 36 0.7017896243650015
5 259 108 0.9305271321660837
