137 210 80 0.7261952421920735
35 279 108 0.2074619730996936
85 92 81 0.3108147207159092
29 399 94 0.5625730927497841
186 184 94 0.959784659274028
13 27 44 0.76479051145257
14 185 32 0.4910310976963993
138 159 85 0.7197509687146307
126 267 40 0.2706716356219876
137 280 74 0.8061506583953918
33 56 59 0.16704385437609215
37 307 97 0.6268190149975339
71 140 88 0.43132777148288204
26 196 29 0.39179917692354593
46 334 39 0.6919138824795766
129 108 34 0.4381689647213789
197 154 101 0.20736904535100176
86 10 31 0.20440702638543085
21 397 43 0.8586545248931935
1 334 38 0.41010025635209746
42 316 63 0.9692640868854173
176 272 51 0.31596491758546896
157 145 35 0.8438247567465879
186 204 77 0.22298540355741003
88 195 64 0.25075446040977656
80 115 96 0.895409514698692
159 111 40 0.8409068170576675
64 327 80 0.7901873489216723
