32 276 40 0.9368109062221199
97 95 102 0.2766041731015061
31 390 102 0.5857536538907372
125 199 65 0.33051437045258414
67 40 97 0.22085545034474496
175 301 40 0.3953715240876764
6 199 89 0.952692571906318
26 266 68 0.9586177502016893
21 288 104 0.12518177093457172
66 246 41 0.04472246316470674
139 355 88 0.05555391716163771
12 324 78 0.8765394793165335
50 229 81 0.14978303775150004
36 87 57 0.6882649940991545
8 105 92 0.5614440660695358
78 108 79 0.06926226098230914
70 256 107 0.23297817356596673
39 325 69 0.8895834353397746
154 261 38 0.40927898769572046
115 53 105 0.22927647537557816
50 70 102 0.6828130786851245
71 50 52 0.33196491414575724
21 368 27 0.44933880952825567
63 197 60 0.4339207486497483
36 199 79 0.1461607816859859
46 276 63 0.9531155538496408
