46 334 40 0.5619157683262637
164 104 49 0.3911222608888806
21 342 53 0.03448124306552258
135 155 31 0.914321433426586
182 53 78 0.5484069590806825
169 387 83 0.6204643600835293
28 256 38 0.8698066011458562
123 31 67 0.011128092691505942
121 359 96 0.7806613905741968
36 175 97 0.9666207734681039
135 191 46 0.6696171363036334
180 351 57 0.702215860290354
66 333 26 0.13115007897924325
106 41 29 0.2848820558482561
41 133 109 0.7379815365143653
8 327 84 0.7476867916825266
98 118 92 0.6893437781796378
139 287 22 0.3241147127689925
28 241 59 0.5770558062321491
199 13 92 0.35843206017368745
164 157 39 0.049958732051982646
139 152 65 0.8365720752013266
165 14 58 0.7324896272499988
155 304 72 0.7557147673857008
186 250 44 0.7060824011189912
180 364 69 0.002551844940151371
54 388 89 0.47820460872829895
21 3 62 0.9992173004414114
56 167 35 0.2250511362014651
142 132 84 0.8701226426083677
14 105 74 0.3310649451966987
180 68 66 0.27048533387138274
147 292 82 0.5066548978339324
12 319 25 0.15578113039244712
