89 250 39 0.679013330208875
189 362 52 0.031412733822530625
27 118 54 0.5635456267266999
164 231 73 0.3008316850633993
168 100 59 0.6277636043209922
38 53 38 0.814592650824046
24 268 23 0.8914005603367712
23 320 28 0.49916885463145566
40 316 85 0.05587472088068246
35 37 105 0.740330209552844
88 266 100 0.14206394019827384
181 88 109 0.319406611575055
187 315 72 0.24378306708058384
74 205 72 0.5275807388115573
13 335 86 0.08399253859737854
10 311 31 0.6793689486073078
126 206 38 0.932505612113234
25 239 52 0.7326267003044848
140 131 52 0.19709186892137365
143 29 53 0.7610047021401853
195 22 55 0.03387490139923499
102 86 108 0.48652135642987404
147 387 91 0.8752718818780892
112 84 27 0.9850695753076276
