188 374 57 0.6460674964655323
183 216 80 0.36557212434778896
63 17 75 0.00024314314735218723
171 1 37 0.8051340714975833
58 282 96 0.9940924961987223
193 295 59 0.7496073910103906
36 265 103 0.6710902363710703
119 369 53 0.8181452903358112
122 49 37 0.9792884199300216
46 237 30 0.39270446308681795
75 262 101 0.8422693926162416
78 221 49 0.7927516800964605
56 216 64 0.730061003973147
121 120 104 0.24581309827609577
46 184 107 0.8629485124312555
43 336 58 0.6410553863393973
101 70 31 0.35622023033134853
80 29 49 0.5038479485912227
20 263 87 0.5743577268830301
162 172 94 0.8303577491591234
166 28 79 0.30183900475824477
166 172 42 0.11002189399998952
172 108 70 0.1441894664842429
63 26 100 0.04459543836166946
103 241 93 0.8644575888589902
133 384 63 0.8476358495062518
72 101 51 0.3783941363233949
198 185 79 0.7826423215183935
100 374 72 0.9462416980499642
35 264 97 0.8169504190180561
174 161 45 0.8521048942674759
110 64 66 0.26647086715329193
113 38 35 0.9975354801856163
