78 399 83 0.887704147346384
109 302 70 0.18427679197150992
11 290 70 0.572794269417044
98 268 79 0.6886370997771561
172 349 100 0.7368819524873341
128 31 68 0.03974766241132721
199 152 55 0.302377779627501
176 393 39 0.3033037434351554
143 33 41 0.28475606650241325
98 114 95 0.5364576347483416
26 352 45 0.902004477555067
143 243 102 0.5659169028803025
31 24 26 0.6376807933406619
46 58 89 0.6545915738261981
45 60 89 0.3668309379685655
116 249 49 0.15935584848503426
194 393 35 0.7303048068446651
70 115 105 0.8762766523523625
180 112 73 0.35422281370298114
34 182 33 0.10841034400775507
17 179 22 0.9116675096163803
193 284 98 0.6445612554084118
107 329 65 0.449496944946018
6 265 102 0.6182463642058564
104 334 69 0.8400042760052212
33 198 58 0.1473386727245728
199 312 63 0.8357254526347625
169 68 84 0.05974282793799457
186 210 78 0.7652727653019767
38 55 87 0.4542853952635544
33 122 22 0.9155233493362485
