167 156 21 0.368528957364747
197 46 104 0.6393891108082554
164 159 87 0.5315147708729245
110 385 94 0.8500001689571182
70 397 102 0.19732953076224757
155 333 89 0.8880290296245101
173 327 93 0.12533018164642085
56 51 41 0.1756884058857996
169 168 62 0.08040094384812202
137 389 36 0.7822674657976827
124 347 60 0.39173429047153807
18 23 46 0.3338523501833174
169 245 101 0.1289306917508719
132 339 21 0.8420900465784122
142 105 73 0.08606543217605922
128 351 65 0.8776793689295226
128 361 30 0.3635153930710129
172 302 50 0.5030536496433177
119 64 96 0.46711960528857654
7 268 104 0.6596663934429804
147 173 101 0.9649206357772969
14 347 80 0.5683385823532001
192 9 83 0.9916725077414964
72 88 50 0.04939932357229726
62 330 25 0.1379488535361797
26 293 51 0.8533229552936953
79 105 28 0.12408462893900463
159 204 47 0.26944174440758284
145 396 94 0.5835159151179116
47 214 102 0.019342765223436698
62 301 38 0.7297282929964617
42 189 97 0.001768211224377536
5 354 50 0.6071249638773615
166 241 32 0.7554843602024592
165 154 70 0.006039410593370875
