51 173 66 0.31418930345716434
108 95 47 0.5768867789534056
172 373 78 0.2767567884331148
108 286 99 0.43031865450132367
167 286 26 0.029533589038415742
55 119 76 0.14506019565197914
81 128 98 0.3482065138073187
73 290 52 0.7612497450641599
183 332 92 0.28475311321843566
152 76 58 0.49714403332013735
95 390 45 0.20910405735631
129 60 40 0.5402482461578118
140 362 41 0.1053190765974995
134 61 25 0.22221888617251873
100 67 79 0.9582854892864271
175 213 42 0.5247219401875415
183 300 100 0.7028826507111778
16 98 61 0.3092379330586247
83 191 102 0.680706599643639
161 49 83 0.5314272125209989
160 350 38 0.7293811346926827
109 172 100 0.8907887900946568
180 149 85 0.7669623029722038
193 25 68 0.7739674345824329
163 264 64 0.4375233331086462
144 325 98 0.39741487625592886
