175 190 59 0.2459759200300914
5 199 36 0.486427796446222
154 378 68 0.8509866487525236
62 319 57 0.15577491219850792
113 124 97 0.1301807898428885
89 123 100 0.07567125423294496
186 22 84 0.14743851336249203
43 375 60 0.8525470682303127
55 156 80 0.6194172218536161
193 120 53 0.07365921994807878
160 152 97 0.7430709692522054
69 178 47 0.5222009637020338
85 109 88 0.4350494150725698
37 388 49 0.3255300200198713
97 178 93 0.2026625016480943
2 218 22 0.14121094909464782
54 358 87 0.9266736615873478
91 366 71 0.5911040392728099
60 163 63 0.703309508952502
21 142 97 0.647588405528884
110 130 91 0.8106643862855547
129 13 61 0.9022401588965772
15 247 75 0.6382522036717448
34 123 68 0.6344009292871956
94 227 43 0.2586170739780208
175 338 104 0.022334322757605607
38 183 78 0.2804664928473115
26 364 63 0.23836099348314888
144 387 43 0.6809369056130664
142 272 24 0.4060210038329648
17 184 76 0.412918425051487
116 293 36 0.3557236551629408
178 325 77 0.7390089476675266
0 231 108 0.7463391945831926
93 62 108 0.10073996440693811
78 302 92 0.8394982697080354
183 299 41 0.30875778702173595
