1 72 100 0.39208630895448826
5 277 74 0.14686148126099186
47 70 48 0.2590921137132973
16 341 108 0.34271438790430286
70 195 105 0.8655108866415179
22 124 97 0.48370112111366714
80 271 93 0.6294405585954265
19 187 109 0.9873024740843317
179 55 86 0.5394734854922115
64 252 90 0.8319916839459671
135 204 50 0.24705150487328797
59 250 106 0.5510093011202173
9 283 48 0.23566061069155297
150 8 92 0.25578349377544973
109 106 61 0.6725555381350027
200 3 100 0.6589927731130265
60 205 26 0.9091926014088214
53 310 48 0.7620597747385762
26 42 28 0.5614998751590626
38 205 25 0.57537531139425
88 233 72 0.22219858273057413
191 259 89 0.7747873991152062
18 150 74 0.7876982701626432
175 50 94 0.3644085854751373
