174 345 92 0.13108031320795344
161 388 79 0.5650307949662554
71 262 44 0.27905390537433195
55 100 100 0.2847296761956256
7 374 79 0.04075529072871875
149 9 21 0.10835808726685936
106 48 83 0.17163528254458293
192 204 91 0.48180529756940393
198 5 88 0.7235251380397196
181 118 41 0.9677071824153541
119 120 99 0.9502959254002918
10 98 60 0.8247310822688384
32 27 66 0.7800619130450639
179 132 100 0.686864076587205
19 61 66 0.9759526203141742
109 99 29 0.44959451611635715
166 208 43 0.3751200731664246
116 382 55 0.8651157322862362
152 213 78 0.5919982186728561
193 35 85 0.08545012542564634
134 289 107 0.9132706806980727
73 152 69 0.7381789964012508
152 326 104 0.06390234184865107
53 23 66 0.3712759571489569
38 294 95 0.18749929786139807
183 369 81 0.15046834619628136
103 121 35 0.3882704987904848
26 308 35 0.028539979144271754
132 214 68 0.804392980259971
0 333 32 0.5333616554190197
187 10 98 0.9175813677972837
