87 51 78 0.07694715298436827
5 209 76 0.784142927572601
28 104 64 0.07008126131877956
18 165 45 0.4435544333658551
132 237 92 0.6240903403809428
131 170 30 0.665195328119701
169 233 43 0.9865810432532084
165 314 101 0.03942933122386949
86 43 45 0.2708055989542546
15 236 95 0.7717510616610351
198 345 84 0.7536352843328293
165 175 44 0.8786381669931036
0 395 96 0.8879297071701623
194 291 70 0.4438847796144645
195 251 105 0.2796472433358884
94 243 102 0.6082315724054902
49 82 83 0.3850448499531801
171 137 96 0.5566846329521403
32 396 55 0.8691862403316006
167 194 89 0.06963335339026033
83 198 67 0.744837488083348
150 266 55 0.07112230062256186
38 210 21 0.8239511998272434
81 29 40 0.3640716647418456
148 242 65 0.5863981663237555
175 213 87 0.18688469176943157
60 317 83 0.6007870120619436
198 74 61 0.21038342361405915
165 38 47 0.017886880608762312
117 143 93 0.7278055358698201
129 247 105 0.7859195502970889
