116 352 74 0.4467115628570937
175 107 61 0.6412162894082042
106 321 24 0.9418627011245084
47 78 32 0.6442922054258018
184 151 101 0.5078462237081848
171 356 81 0.07401067326146527
165 34 73 0.0651181689818704
184 347 65 0.40211997839104985
180 275 27 0.8199759084548572
18 44 43 0.7527839882558124
166 336 22 0.10670470472779714
131 142 73 0.7397727404582636
181 276 80 0.8577658958315145
122 296 25 0.427993320628307
141 383 28 0.6459063384653368
109 248 65 0.1879841808391599
12 99 77 0.40935679459504726
4 163 64 0.7549449777377687
119 173 74 0.14601615465255824
7 359 108 0.6836963616672371
75 331 73 0.9119062195267684
134 155 69 0.6734057600533422
49 52 91 0.7642680619848403
65 366 82 0.11649891782207844
101 343 21 0.35283035599467893
44 148 32 0.9922708418988119
154 42 31 0.0848149789780287
36 133 46 0.15038923357561207
