92 130 103 0.892110361603752
31 119 87 0.611327879055175
49 159 98 0.902781984759905
188 85 40 0.09472066662234213
82 324 88 0.841737859248063
8 387 28 0.8563834743600511
137 76 34 0.8067467069008271
104 252 67 0.7051891463793838
189 192 87 0.5640975168210641
191 71 38 0.2914242999023159
61 295 82 0.7990479807797656
36 25 85 0.018149241972841734
96 360 71 0.9014116403457859
53 246 91 0.19211375049746782
152 89 76 0.6469857515117098
62 290 51 0.03191295046774012
188 257 69 0.8165714077865329
25 233 109 0.8332571415170447
87 285 91 0.7048092047513475
128 12 70 0.17138993269027014
61 126 48 0.24579312978788947
168 367 96 0.09413505161908686
174 347 32 0.1666484759539596
13 371 65 0.11805335022596763
21 343 22 0.15973639324019961
97 258 25 0.23335986382938612
133 38 85 0.4044618737115865
125 2 29 0.8486748008899829
178 125 80 0.36093992601496994
45 386 79 0.08968803861084118
29 207 21 0.5607482702969735
