37 259 86 0.07201961811746838
177 324 108 0.32296165579716685
111 266 59 0.28324031578579334
55 132 64 0.872912376564549
26 152 56 0.8011534118934096
127 196 48 0.15747984533896942
136 197 24 0.7733521543168664
161 266 95 0.4501539119673875
51 241 71 0.8565235828497545
131 183 33 0.6775149115972454
128 16 25 0.8045013698663884
15 293 64 0.7843809661728601
146 98 96 0.5597691506781203
70 396 22 0.5316262355843258
115 110 27 0.4426935774767071
33 128 25 0.3734981684975638
184 212 38 0.2281979280032993
117 9 69 0.027021891356947214
171 28 75 0.5372266599817352
112 193 101 0.6020864001788527
25 142 37 0.6614339807332014
44 95 56 0.3270969781710992
46 343 79 0.768701250410927
90 2 67 0.3191780900796779
188 307 79 0.7671946630877889
162 222 82 0.8724591983782435
154 15 33 0.7171224321313283
112 117 100 0.837195658736464
143 108 51 0.23498627975156305
17 216 98 0.5128424644012862
146 42 95 0.13157957365572537
85 158 51 0.42242776181247976
29 205 98 0.7072372005597776
12 280 26 0.2112163609465948
140 60 49 0.2813112086736136
55 191 98 0.5438708191478576
