45 392 92 0.33625903312258665
143 86 36 0.42787161329077117
194 137 57 0.33614079510862604
59 185 89 0.47176960325876016
110 227 77 0.9798760574465756
186 339 98 0.06610134252034017
108 288 66 0.8495464932742812
153 289 74 0.6486895655987713
80 316 41 0.7724368484672818
39 141 102 0.8752971485839964
98 206 89 0.9153019763222907
82 164 92 0.5882837847928278
180 100 93 0.3405285427304279
165 259 37 0.5287020611975385
102 396 34 0.8278117983216438
178 343 61 0.715673748730009
50 362 22 0.7425378124670955
92 168 27 0.4967549927435899
49 130 24 0.3212819614257526
165 162 100 0.4880462763193275
149 72 80 0.024601171853380843
113 301 66 0.6340607843420545
183 171 61 0.8420491525032993
28 272 67 0.5955919815928848
99 93 78 0.3862343662037582
0 53 47 0.8256905208214366
165 77 78 0.6139583419108557
108 118 105 0.47661991464953013
154 171 96 0.2817625364345928
117 383 23 0.027958671229376564
67 26 46 0.04624735904162358
198 307 24 0.6857428232102392
50 93 21 0.6837628386558464
106 39 93 0.24068164201832953
13 168 36 0.9678018411832771
141 299 74 0.21754120878774896
128 291 39 0.7001737067823467
160 13 80 0.6194679378208576
