128 68 60 0.9859653818616672
158 386 41 0.4835318232416116
171 239 23 0.7928163923689983
94 315 53 0.6482617288010225
11 12 109 0.0515266766362511
25 100 95 0.9301747251759725
177 6 86 0.3149756451041569
59 128 23 0.8256786303575145
141 196 24 0.052793537855729045
3 31 65 0.43566910482201726
71 65 35 0.3049596646731104
74 101 34 0.07500523620566235
178 284 74 0.5969076925741815
115 398 41 0.4008271442543868
81 184 81 0.1147378205629872
159 251 76 0.6018347196198351
101 49 85 0.9750438874437183
73 189 78 0.11564105773042954
86 340 76 0.7644073531416671
174 366 106 0.4782621210877511
74 36 65 0.33874527774450924
28 43 66 0.06144602374067143
25 3 43 0.9018889586257912
27 191 74 0.8041024201619991
128 287 21 0.2307444331612677
56 299 46 0.5038877474538342
67 299 42 0.03938727559097088
96 75 53 0.36102798669981695
135 400 41 0.5033958625345527
164 357 92 0.7783648924566725
52 179 31 0.14336619837497078
28 125 99 0.38121581896090984
