97 102 93 0.505855276309742
45 138 73 0.30426085791663904
30 348 39 0.47345912630631815
120 250 77 0.8466512326640937
179 39 50 0.9318502855973754
58 12 80 0.8762880942121681
105 329 83 0.983486475031071
57 14 84 0.07899667840465219
177 160 40 0.13325907043381902
72 258 62 0.1308224595631824
15 12 47 0.6382041693027197
27 62 96 0.5791038569512652
3 149 32 0.45252081290671164
121 103 42 0.4195635052669454
114 285 26 0.662528089678415
13 127 95 0.07384392108925275
12 30 21 0.5631204951347459
70 349 106 0.09307582364001221
35 243 72 0.07900517431145004
89 132 82 0.4933841046312444
191 212 32 0.9121196168587118
50 60 107 0.6690769022563847
148 356 48 0.6115694656419131
172 182 50 0.6460741530776973
30 184 56 0.06561005963278332
154 112 42 0.49383772024818295
200 300 48 0.21183890052527843
134 111 28 0.4167528424493673
195 374 26 0.9387236786823056
146 330 29 0.42792412835029936
29 96 95 0.1562758214027894
13 111 78 0.9253511565463906
190 109 22 0.8790472589587974
