20 24 89 0.792105979842931
154 96 44 0.46569838412390396
27 188 45 0.05090440598872625
149 155 51 0.026242679055081486
130 86 55 0.769894803578532
13 388 77 0.6490086361424586
95 118 28 0.8253957895638341
56 127 76 0.0625784112538178
87 26 25 0.8354377739277332
27 135 48 0.6907690810406911
71 38 42 0.3873037369677851
164 179 55 0.9506993359083572
118 32 52 0.06835354007685734
165 226 63 0.9898019052302249
93 396 109 0.2140702716866545
138 120 83 0.6341964344542838
23 149 43 0.8397348604455582
20 93 76 0.5025358608229594
79 152 56 0.16342939611017426
85 232 34 0.8127958491124431
