70 362 30 0.47588351010670915
122 307 68 0.2248665030302135
21 59 101 0.8524267528781668
132 367 102 0.3304786119198375
146 285 23 0.9823181252574253
27 284 84 0.6294865164592882
164 260 31 0.9057729762773442
190 192 90 0.02428690379766929
51 358 79 0.750140268199169
84 5 23 0.08664108272685267
19 126 48 0.9731348994018576
1 56 76 0.2883014043577006
39 283 75 0.06942072416702028
143 333 96 0.6032216871572864
151 94 81 0.5634046336710204
168 188 29 0.9008962267668257
136 77 94 0.04622448189634032
50 131 26 0.6502689230950666
62 163 99 0.15003491774553301
18 24 86 0.9439349237077551
193 292 100 0.9883539304133275
87 362 70 0.498845234101313
20 195 89 0.056708836281786246
9 393 92 0.24429651439882372
38 296 101 0.6966641989632094
49 248 63 0.2612710751581019
40 140 79 0.3195146000901118
167 124 80 0.3108606708058056
