73 201 24 0.2251710888469861
137 228 82 0.09695631797413229
186 145 21 0.1250255263658666
59 382 31 0.9084396180286362
53 23 49 0.9797512986700173
37 348 81 0.44672202071111766
115 74 54 0.3938828485568443
107 375 80 0.19519512056924904
61 128 64 0.11724232923138167
101 227 107 0.6132926782293119
56 328 100 0.8668556392008183
25 237 64 0.22829152333285807
0 135 89 0.9790131313443063
114 87 54 0.0912278161378346
147 40 80 0.21071956734545683
20 245 59 0.04887903286782036
191 54 40 0.3003878802294011
57 189 71 0.221123820967283
58 214 104 0.4532765914983259
84 20 86 0.4280482294605601
53 257 87 0.6796087113645739
40 87 26 0.6605324086987904
181 225 68 0.9074441948223039
113 5 30 0.7789432598144449
55 56 23 0.07749041770095177
159 274 105 0.9225634841613162
136 166 58 0.3945788615348442
46 368 33 0.05553401293801008
76 31 59 0.9236464092855499
168 168 38 0.9696338168041064
81 374 95 0.5563898723484894
87 389 55 0.08343903413724152
