18 57 22 0.9535566893741604
26 240 43 0.379092962242655
154 43 59 0.6616576720097423
166 8 48 0.4055535064467466
4 221 22 0.8703544770135795
199 334 43 0.26330714206208283
24 310 69 0.5234598076217922
38 91 95 0.013785611644795082
10 306 76 0.24709232792871128
198 18 91 0.8353325131400905
184 88 64 0.7327996394021378
88 58 99 0.22906185841680693
156 396 52 0.8487671158846009
9 380 60 0.07996163642262766
103 124 90 0.7348637181260426
148 250 88 0.4999819653958575
37 78 39 0.2595242616715474
56 143 40 0.9899740056294759
25 374 30 0.4830899224035564
79 42 43 0.11299097318661033
93 382 22 0.5195879067682531
86 394 62 0.46316206702832574
117 352 35 0.920901884786249
48 189 75 0.3879709404035261
152 65 101 0.053242416898511724
9 278 91 0.25889443908358745
49 365 41 0.15483898696631715
64 215 35 0.6856054169814233
112 24 86 0.9020999183627192
