19 134 39 0.19404269057485568
45 242 58 0.47838895146978944
10 151 91 0.024402184939623428
174 10 33 0.9792177880357193
24 47 87 0.6925989368925223
31 224 107 0.1085319154165374
159 12 66 0.7480160744007398
197 168 95 0.9500617775418511
80 136 83 0.4094497305156267
60 176 79 0.46103170707061425
172 118 85 0.3589519006902727
199 22 34 0.4749543740398948
165 203 78 0.9968613795659335
79 212 41 0.4188352946144097
114 83 52 0.0998563575783834
180 316 98 0.5802273920052512
156 90 78 0.2634945902970476
8 12 45 0.6658661632164714
173 290 92 0.8573153401765674
91 386 26 0.7653632164781302
71 160 77 0.793559418299806
166 356 94 0.9673534663244717
13 381 70 0.6143220281780535
0 345 78 0.9159338355724803
100 266 96 0.4368040428033978
170 225 38 0.2632843328545875
104 194 86 0.3557677350320195
14 170 84 0.11217964357806298
167 129 93 0.47592826456549353
59 364 24 0.7736747856708539
131 112 96 0.5788969317500032
162 90 25 0.41479481605774404
116 267 90 0.16154252541928482
90 136 89 0.9302325425969028
17 177 26 0.40323517051888935
