53 222 52 0.9124629209518186
73 252 84 0.9634515008263365
102 103 88 0.9983096639161689
61 5 96 0.5664473025857388
111 318 36 0.4289155195264055
6 359 35 0.4366285669115735
200 393 106 0.09033569149666887
178 243 21 0.13531148025111994
18 335 41 0.9995502484655272
154 260 59 0.9318740963394441
88 163 43 0.6381174749098589
81 332 99 0.3478798012964732
130 305 33 0.5384466495401632
158 5 62 0.4019889677366971
157 181 29 0.28713109357033095
80 120 23 0.25189777457359086
16 398 53 0.7118711403879828
17 123 35 0.08986879207092613
145 170 63 0.43470288600154894
84 161 74 0.458630303724438
152 370 58 0.7771477888534347
22 97 81 0.23659654978334588
75 51 96 0.6494126181743826
32 272 92 0.5354209870581949
46 191 66 0.956753207630664
76 40 51 0.09106842381516467
