3 29 57 0.695645009568026
52 309 23 0.3052945793234
40 341 67 0.4068651692464754
99 171 58 0.6148740842728571
51 329 24 0.527835364635181
134 128 83 0.02374369453496572
134 348 88 0.6961603549810433
176 132 106 0.17447522733342646
177 203 59 0.33928144440655095
47 254 46 0.9318740002743108
10 15 80 0.8890868909489129
112 163 94 0.9924502882063788
136 216 36 0.06353388133394255
57 284 62 0.5114729842715633
50 240 106 0.6824378885333899
150 28 31 0.6496009243970164
31 239 79 0.9238975809111278
49 384 60 0.0754147373909887
62 394 54 0.5353010534998557
71 85 105 0.8285232803917874
12 318 101 0.5256969673824675
80 162 99 0.3489222310017154
197 315 84 0.9776528873952117
30 56 71 0.8325846154847517
161 113 82 0.3853653346238022
16 376 70 0.6741081670830964
61 331 94 0.7525994247019203
118 266 48 0.3809042789433579
24 214 21 0.4647778917987332
146 117 84 0.9259393968754278
24 319 45 0.8640066754850274
