45 349 81 0.2519992893504357
188 187 94 0.6317290246025762
190 368 90 0.07407067537071332
56 51 52 0.873924492195061
77 312 92 0.33462317710925293
23 338 75 0.6162675586516068
11 106 26 0.3653232018647714
133 265 82 0.360213273313961
170 191 46 0.48760585505941967
150 146 51 0.829436283215959
85 85 38 0.9357664803423587
87 74 68 0.8568721670126977
142 398 98 0.49032091527214094
127 2 50 0.7036098844089786
165 373 43 0.39383220261726204
23 82 80 0.6187685467689666
176 261 43 0.12740766897847133
98 375 108 0.243032413979686
166 216 77 0.9291883201907003
86 121 97 0.6303800010243564
190 367 62 0.4928888032708004
156 378 106 0.6173716567040147
193 56 47 0.6123845295891625
54 118 28 0.3534987789124098
50 267 64 0.4310808410860286
125 257 109 0.5164670957169036
139 234 95 0.46328407736900024
101 74 32 0.18422839236441035
41 91 105 0.4236738597789719
192 374 43 0.8122469359397873
67 148 23 0.8798847270915827
60 101 64 0.8694541307397188
60 334 93 0.7658514295282817
