39 6 28 0.5341110782229918
150 306 49 0.6995650892277515
74 375 96 0.8624148242766382
78 167 29 0.9765865752251692
31 380 55 0.1747156393163224
70 388 33 0.3193981690119042
91 395 48 0.14673343256290594
154 149 69 0.8999988468039921
104 296 24 0.20421457542975863
114 363 44 0.6430691246372453
49 154 73 0.7809843575756562
62 153 83 0.3209152320854539
105 216 77 0.41213471216819675
146 38 97 0.6803500131192612
98 329 62 0.2506497165334346
37 260 83 0.7227098737645098
187 108 66 0.8947731673285504
200 361 86 0.7270852245080727
106 128 80 0.4245544826410902
121 52 106 0.7215045654843776
65 347 103 0.7838811197954285
108 398 38 0.6642251699922457
11 62 96 0.45621438701635086
68 385 60 0.643073079930428
16 53 38 0.15265093329910095
102 12 84 0.2720318043361726
49 249 60 0.44661933265610587
189 256 42 0.4295585980567873
183 238 49 0.027683938830100785
