19 158 98 0.11453730136741769
193 382 78 0.32214071168272307
164 55 108 0.7864102502006395
175 155 55 0.8259363684745052
161 138 42 0.6959086511469941
156 124 106 0.32256458021380174
146 344 90 0.18929435394126348
55 279 88 0.3085817279120936
73 247 99 0.42265715268761206
68 19 34 0.9854255429526668
145 359 46 0.4816109814131161
99 175 47 0.1756610544034244
3 173 69 0.24772838489331173
90 387 64 0.9240270863744292
108 224 23 0.23978128588343817
3 209 43 0.7894339195901718
94 217 72 0.2830857416406899
19 96 84 0.21818274255826464
154 68 109 0.9739736605779886
177 300 66 0.5344125829998307
186 43 60 0.596820882230094
14 286 39 0.4985891511344607
172 158 51 0.683314453779187
143 357 98 0.04339649429743342
55 313 91 0.3024591987643407
73 157 70 0.7077664517572992
181 175 74 0.01258962989989243
57 10 26 0.24469521622214152
146 61 61 0.695496215770234
166 60 25 0.5867658189211089
161 254 31 0.937010812023784
199 258 69 0.5400907585893303
139 361 28 0.49062887437987834
125 336 39 0.4353221115428223
75 252 36 0.2794273256717448
45 331 82 0.8887548691811855
30 300 44 0.3957996476339287
117 236 52 0.5968820033740962
35 9 71 0.39825127496001234
