29 22 95 0.09802882615702502
155 203 34 0.05976253525853148
81 215 64 0.9498269057440054
189 138 73 0.5978785557933806
163 49 38 0.4550566798679119
188 250 81 0.4761325912096701
31 105 30 0.5269339728577238
106 345 94 0.7535555144981698
193 105 89 0.15817347593891895
12 351 105 0.0028933597154637836
184 165 54 0.22352552718483543
167 311 91 0.12248409996380216
64 149 105 0.8638707582937061
79 68 22 0.41784421789205084
148 289 50 0.023160779083852723
58 244 41 0.214708841074696
105 51 98 0.9259857268639944
47 29 43 0.5226952935039123
176 301 36 0.10409469187773535
198 176 27 0.9835725149898901
58 81 59 0.07285412712594752
100 325 105 0.9039383198513389
