9 282 97 0.23371451496031437
186 388 69 0.36267727130804994
114 278 109 0.6864325185171691
166 221 79 0.1461641843458975
100 32 39 0.7684279023679187
188 374 44 0.4316009708498282
64 226 92 0.41846787126471063
74 207 74 0.998893012978455
112 148 60 0.24842818341260775
180 397 103 0.9309753288491062
181 356 31 0.1449305825695434
127 224 80 0.13465973706593648
173 362 103 0.09850924798193883
145 338 36 0.3751050142285475
125 11 39 0.49689378680497553
95 246 47 0.23259532930621352
178 123 36 0.20144156022775117
182 124 98 0.8666875337746195
169 346 22 0.3977764023033322
135 291 96 0.7587828445962705
110 175 53 0.9222558263201379
31 295 89 0.016864218372515727
71 242 57 0.3528790729734793
20 31 67 0.31982492192488254
175 62 34 0.4054670487022214
140 359 58 0.13186147275853066
35 16 27 0.010285722778664241
37 229 37 0.5792397343715926
167 12 31 0.12908133377874276
71 161 61 0.274589507792699
156 71 23 0.003840254902231499
74 172 23 0.08375975567656546
131 73 70 0.30368491905697625
16 73 95 0.3083999233314977
5 276 109 0.5247902614902324
23 285 100 0.24166569511535185
13 275 47 0.5788667852942152
188 369 79 0.2638044734344638
33 342 98 0.7407274805455604
