115 282 89 0.7488699778159107
146 49 63 0.11679978683353787
44 18 28 0.8241960700871516
56 167 85 0.5810684843977871
127 260 28 0.5412463972247278
169 198 86 0.33290732840039106
197 125 58 0.49751647972064317
140 34 77 0.5458659193159199
154 373 104 0.60774233658186
160 391 49 0.027358330270048525
49 82 92 0.041214972979528475
134 59 26 0.9576253114322678
67 366 85 0.6964899603789986
117 196 39 0.567242191751258
156 396 60 0.5852263771387674
117 137 30 0.7046621102559268
143 205 46 0.12144763451467389
123 230 96 0.1879658381636039
141 154 52 0.7002761156012799
91 31 43 0.5791525816265962
50 290 105 0.4670127778754195
90 210 37 0.8109737308912125
23 337 61 0.21525439961228565
125 361 87 0.9059921746397362
164 114 76 0.8916187127699323
197 92 37 0.4176197368393749
153 303 44 0.9509657869102044
52 200 45 0.8742137736273476
192 88 44 0.5056533555433376
133 128 106 0.6356698671804369
67 175 37 0.2772590677292299
183 92 102 0.7603484027987658
47 32 31 0.7421548844538984
55 258 76 0.6756283209106577
41 244 21 0.07989759475607017
