77 23 60 0.9463809914257512
166 99 71 0.14431155038219978
123 211 31 0.44087149953643956
166 359 52 0.11249109867366758
57 106 64 0.8872682471942924
172 167 84 0.5609570164257683
162 339 38 0.06136134565075746
0 101 86 0.3747849198274279
34 71 30 0.2725097406172138
84 318 91 0.16033643097616135
163 115 57 0.3605007319692818
1 349 75 0.7663141586866563
14 167 32 0.24726681201958867
127 185 44 0.4460655737878001
170 270 48 0.9040066868932731
118 261 26 0.5268087925290553
60 227 48 0.35432133206094707
34 301 107 0.944955037197499
95 181 87 0.9088859531846262
21 31 59 0.9760946879272364
37 76 86 0.848334235022905
179 290 47 0.8917040787955234
120 239 97 0.26903001571500984
169 351 72 0.05504144372079789
56 191 51 0.8669810983059322
79 370 52 0.22392019496307602
71 19 94 0.18258716762064042
69 73 58 0.048501114076073604
16 315 63 0.9178801156169555
22 239 100 0.6119581847093016
144 176 40 0.8342399639874748
147 95 84 0.8596065718653604
116 165 105 0.9319859924439533
140 113 89 0.9128271934351776
67 103 51 0.7141004387814966
