86 206 53 0.14730050270630202
169 373 80 0.8629920730968189
74 37 93 0.5765107466741345
18 120 38 0.6563586122402484
37 95 30 0.6187152157292491
33 136 59 0.25561188388317035
43 40 71 0.5332528178360172
46 162 54 0.2156060401491796
110 206 84 0.5741633196388761
96 239 99 0.7768374137073466
165 368 42 0.6585631148185891
124 273 62 0.8420282317280777
197 400 58 0.7983727298587043
196 142 37 0.9716292316868677
147 188 65 0.8066284457192067
200 269 105 0.5888663866118652
79 300 62 0.7525748906933335
1 108 57 0.5317359239258417
136 261 33 0.29403050496451155
13 59 69 0.35120044461325495
53 89 86 0.476623816650258
168 165 79 0.8514791055470579
103 126 104 0.40702344534677504
51 302 76 0.8194508676357727
