116 6 33 0.9138090482198014
28 83 89 0.3600571752978271
6 169 84 0.1908417161540521
120 108 88 0.6847414697317358
111 81 59 0.6014618401633993
76 302 55 0.1886513560556008
146 344 64 0.9197640348910417
6 140 108 0.8266871173213428
25 59 74 0.02322356770916878
179 280 85 0.2785886364708764
155 83 67 0.5722258866627563
174 400 25 0.992356897021719
45 51 74 0.16265133549790245
119 282 53 0.4260320864316989
58 36 68 0.26369919129532726
90 348 98 0.36013938616883434
69 342 77 0.9682786945430079
150 42 23 0.8051145542773906
85 11 55 0.3222619993160676
32 17 62 0.23167155209952506
4 222 36 0.9523934335028853
120 93 46 0.7672187221833404
176 276 97 0.4994839024080241
190 264 44 0.4125803822187404
87 81 23 0.02748521169630158
141 133 93 0.9413419789490733
183 178 53 0.12327218894021286
174 384 40 0.49946645924721544
7 31 63 0.8113645640153874
57 114 42 0.651651173660098
98 295 22 0.6904371901297662
