104 151 21 0.004247770681861551
30 25 50 0.625718466849222
95 9 86 0.6262082671883935
181 39 39 0.17884076540916072
80 229 26 0.3595041248697901
121 211 83 0.6082682992033763
180 117 59 0.23700824077664684
143 52 86 0.4651737771481934
53 266 51 0.8446301246152799
168 328 107 0.8290606300750263
159 149 90 0.4463946292411777
172 25 95 0.4541405968555482
118 317 109 0.0441424357164274
122 344 30 0.2715395786029092
24 122 93 0.8695441067975983
50 233 97 0.5069730590134638
123 165 65 0.9101437431430355
33 217 109 0.42293993380181183
32 129 31 0.24800989802755657
10 377 73 0.9423307345769699
16 136 75 0.6572660236902825
161 176 97 0.9088680132711254
107 289 32 0.6095612658893202
129 169 80 0.5428796806319265
100 371 39 0.2111343802007415
