16 42 105 0.711347423258437
172 242 62 0.7226559996066035
57 133 45 0.7878766558784899
74 42 38 0.8227445477159276
100 241 30 0.10523321276518671
28 338 67 0.9377435261849648
117 138 60 0.18978247760435896
169 271 77 0.907481576642658
87 204 38 0.7848718513975975
140 343 105 0.050531384765509
86 289 81 0.3020094561007357
193 318 104 0.7116702201702471
114 257 81 0.6124509655596352
122 24 86 0.23620607487245227
156 367 36 0.5138935476758238
43 360 33 0.9979422568826896
73 119 32 0.7523568875601475
103 11 45 0.5813068660539363
54 277 99 0.5520715421790944
199 243 107 0.4687348965008892
124 383 97 0.6362071648226909
102 388 65 0.3493068275129032
129 94 89 0.7364471003157349
63 73 24 0.9942220744824561
99 145 76 0.7831687363616122
103 68 44 0.16917880248639294
6 254 27 0.9850381596293122
52 350 21 0.3376225282523829
192 170 59 0.914794794957755
68 159 65 0.026414070576186832
175 392 97 0.7977822275012213
165 146 52 0.05703939535397051
3 109 88 0.25927243071883843
16 304 26 0.4590084653192452
