85 270 21 0.37157299103858
12 131 69 0.8273311733244261
31 171 29 0.6267738855948279
147 91 102 0.3796157143590978
60 138 102 0.4576170509251736
185 9 35 0.4925441132567433
106 240 47 0.12257701370712037
42 188 42 0.0011770194313258653
1 130 64 0.4473710275308981
46 92 68 0.45213724529428156
90 367 24 0.46252593619937754
58 115 48 0.4465243600845299
194 341 30 0.7314093194412321
72 347 64 0.8577085116247699
190 60 21 0.7869004867605873
152 307 51 0.24830004640075365
192 126 64 0.9817738133488096
100 391 100 0.8297119140640808
60 235 47 0.128531846669945
76 106 27 0.9208478123213044
33 173 99 0.9534853671968663
175 269 42 0.8205866474367457
181 337 92 0.7286996505464413
102 249 88 0.6831373967927253
139 127 97 0.15105332422624784
81 147 96 0.1131824005209715
