93 314 71 0.011612651560705012
127 338 38 0.870480483345684
43 366 98 0.9436656817487329
151 292 53 0.7477388237022583
70 297 68 0.8962668275398226
75 312 24 0.7018402587802958
120 12 38 0.4174882835345193
156 246 70 0.7848539907679354
114 396 60 0.6592818531654984
101 188 48 0.26167908734791445
197 391 98 0.2121153927988937
121 105 57 0.5628134659414462
140 389 76 0.3943494383301569
113 260 66 0.261863800521977
105 390 86 0.8529105994540075
121 36 38 0.35585607646345874
146 301 81 0.6048774424719116
111 185 88 0.8859485821912546
3 189 108 0.2179305419597758
173 257 39 0.0486934436990597
81 206 88 0.8584960856626067
110 276 90 0.46134339671613733
78 185 44 0.049221602617360305
