195 130 35 0.630974070416311
194 384 103 0.3759559716739628
132 330 92 0.5212122659249415
57 307 25 0.05591798700728956
28 349 31 0.918489935452332
21 149 36 0.4293685969174006
54 116 48 0.8110457879768377
58 362 78 0.4854019692461782
138 126 49 0.5607007582386853
142 177 35 0.7352877228614018
0 202 31 0.12410936369080605
180 46 60 0.3814745685431007
195 2 108 0.9679397387107549
104 117 51 0.5203722125535836
131 108 78 0.927669392817744
138 272 106 0.7912350817433885
161 215 66 0.06168036844413638
104 150 42 0.9942178330620298
12 3 62 0.34648723806604265
26 317 80 0.6678631693349822
64 218 91 0.9916485226805954
98 258 57 0.649189120775814
145 301 81 0.266008038887925
74 3 50 0.8260885574881996
187 192 58 0.0801287977177646
109 121 24 0.8381217278143422
73 398 108 0.07216687130372101
17 209 22 0.1647150421008795
150 224 53 0.16807920000512255
119 195 73 0.5635339562833488
24 387 60 0.7653160178604156
74 107 100 0.45120521451416096
122 180 26 0.6323758032640221
