70 383 24 0.3727514176777137
38 325 104 0.42596861728677093
82 300 93 0.02918414623344645
174 153 37 0.9646559498892298
66 392 106 0.48013251619630926
10 178 96 0.9278262237087287
66 129 104 0.6759723156207772
83 333 39 0.8836302040852761
8 342 104 0.3354961823865309
22 262 71 0.3664898656874376
122 360 104 0.25395100720361485
144 388 26 0.7900947540577503
133 205 45 0.787932120411216
17 344 21 0.7019702434984147
63 241 93 0.1802550301253839
186 222 40 0.14261983923999488
127 263 88 0.8750719873469633
137 316 42 0.16351543375118116
193 163 67 0.961783975600335
36 377 66 0.8207891141332532
11 157 101 0.9783203211884379
124 142 34 0.4683605048576851
4 266 31 0.2626466569633086
65 337 32 0.5109986475487921
91 142 77 0.631357925169069
113 394 109 0.8655223367415267
52 194 91 0.31899657609698184
195 155 72 0.9119812215322479
118 226 60 0.12857545406129323
134 83 96 0.8668158772191362
71 182 32 0.13409774436700883
