187 170 64 0.39088544716867524
133 165 107 0.36763102883531407
68 307 107 0.894663475835079
123 154 70 0.8840911408267591
1 236 51 0.7426521882243726
27 208 49 0.31948486740860305
22 134 50 0.4284927260097162
33 336 84 0.5820918768757085
39 306 29 0.7945926257977256
183 283 25 0.747433997809573
181 321 84 0.2704104649133009
95 70 60 0.44453162578089667
118 223 71 0.2684988369777471
53 253 48 0.719155089498933
198 336 82 0.6087296248093138
15 254 71 0.8021858810567833
138 45 103 0.8040942238192258
98 140 51 0.7437327775811051
146 294 78 0.31005166159272723
110 227 37 0.07294034785828907
5 279 58 0.7317536625936454
132 125 86 0.6829901783547592
102 170 77 0.42833321245831457
150 283 91 0.8799857023519646
172 78 75 0.5425375921584956
142 352 38 0.6640454565491793
29 127 32 0.19154084195291365
1 138 43 0.5427580651684234
131 290 34 0.579041159153787
13 136 49 0.6993341994440555
178 378 52 0.02399446486217227
199 346 109 0.3001408997722099
