137 214 31 0.527645795165824
200 48 102 0.7813273181093527
142 177 101 0.9819724361830031
103 202 23 0.11790882481807996
25 97 70 0.9090919270882221
48 325 58 0.22755934178361226
58 226 39 0.0849131870746409
53 73 25 0.7713675149331376
86 116 24 0.5300861515577004
166 45 25 0.4520329774432146
97 75 84 0.28541296346518297
184 91 88 0.4391190669909649
168 34 109 0.32681493404920225
168 205 45 0.9446532149796905
39 70 68 0.005245698605457649
93 98 40 0.3964811878332961
43 50 65 0.4966593992758004
148 87 77 0.6115167094996465
15 147 65 0.36799797785252075
182 27 91 0.6825728371732829
182 317 78 0.44451673668201597
41 135 78 0.48723986358046245
61 298 91 0.28847651204233593
98 15 29 0.2660401680764143
171 177 26 0.06798623164575968
76 371 42 0.08402240343396472
127 189 85 0.32533853786388434
101 277 105 0.3423672141233838
87 316 50 0.2142252570624813
1 307 77 0.19763377162875273
90 281 23 0.001073538416939246
