159 65 67 0.6461911644339796
131 85 91 0.8008963649699237
177 102 50 0.3809828056632747
39 323 31 0.17365487904158894
39 311 56 0.30245175730441176
12 84 73 0.4725416586226594
38 115 95 0.14620734535745306
110 184 101 0.9358275709627004
21 70 72 0.07135327406859882
120 234 79 0.5188111441505767
101 154 54 0.7574214442277448
119 102 46 0.5818820872049397
9 288 100 0.33157675425551436
32 144 72 0.03364710598409604
82 72 100 0.827433366585847
52 284 50 0.7674859063723637
102 217 66 0.6406713679907752
39 90 84 0.1757639159700417
67 49 23 0.13886975081972563
39 298 33 0.8733232006741063
146 292 60 0.04143622472194719
121 150 48 0.7581796796640359
9 109 97 0.6423091075603465
172 192 73 0.68567881007529
88 21 59 0.28933550797150664
39 292 104 0.37832881981158406
44 259 96 0.73080697142697
