77 247 68 0.7703261265014735
10 25 71 0.02725871391467294
51 177 67 0.025113963378384674
44 224 78 0.02666652175324813
140 258 93 0.9752770716087529
164 138 49 0.9434088929555603
21 48 53 0.041296980636137515
82 149 75 0.8666088828211168
180 54 109 0.2891815610021895
104 200 50 0.3217023540455416
187 149 86 0.32105057926352476
150 31 61 0.6591080345876968
2 85 67 0.9286590291947845
63 35 69 0.5884043835691315
80 141 91 0.8861934442038133
51 79 74 0.9564800011105453
130 47 40 0.20427734451694424
77 39 79 0.9503029904209976
108 73 73 0.5524465818520587
144 200 36 0.5221494457316539
163 299 99 0.6208206983899948
102 386 52 0.24175591430914645
10 390 94 0.9626665045594315
48 28 49 0.8650762613583546
78 231 80 0.8893323856128257
109 332 103 0.777297346226891
