4 312 62 0.613656960732125
81 338 78 0.6518289079889373
152 128 65 0.5374331767194971
176 286 76 0.7683577723482345
14 233 80 0.047691097879898
54 277 39 0.5609594790122406
149 160 71 0.6567529677738215
157 195 47 0.6026918943899708
163 266 27 0.7256071150707346
56 186 105 0.19016066021297096
69 134 64 0.021459426644092505
4 340 83 0.7479207065527139
78 184 33 0.5312857176824094
196 58 58 0.03608522785080848
36 15 85 0.7548003207761941
7 160 72 0.28832033547927405
178 35 39 0.7012836685938554
193 222 91 0.24505100461406593
145 317 87 0.870513614761896
