26 35 59 0.1699441754014278
168 181 46 0.6697488322940002
17 119 61 0.8446824424192778
195 272 101 0.9402826618824498
151 245 53 0.6125310195805939
135 328 109 0.8418349148560021
29 303 34 0.3139171921228783
32 310 41 0.001366372784664227
150 122 83 0.9549100628610627
42 244 84 0.8234577724510432
138 363 24 0.49759891946978874
196 216 34 0.6643221173537542
185 112 64 0.6218281757909873
20 274 23 0.18309486519081286
82 248 61 0.27746782816770743
83 47 38 0.5958361590322715
48 370 82 0.5477705712879919
91 223 98 0.07534909403184498
66 277 61 0.9609032416326064
18 126 63 0.7225313471923177
74 111 25 0.20353892240329774
154 154 95 0.20145621095925126
