70 62 74 0.027322942815858897
191 63 60 0.33520640040850136
198 62 85 0.7108519421184496
123 116 29 0.27628771252402917
122 142 46 0.5578434207831763
97 129 95 0.9917339274923225
112 186 46 0.14439727149440307
111 209 44 0.10609059940210797
193 224 43 0.21781728053125016
176 295 44 0.29032464621496357
58 129 31 0.1454019948439389
92 66 47 0.24547674541335174
8 222 41 0.8040919681922564
98 39 59 0.8606225048998165
184 299 34 0.8595824541456751
7 65 54 0.2454120355082301
94 398 105 0.1078307726584683
25 272 42 0.7848106771383642
107 59 45 0.7974205273210696
139 77 70 0.7142049086211163
185 391 95 0.11499527798718501
182 113 49 0.8999716538445495
144 39 85 0.4523238271668567
194 199 59 0.41771315625344674
114 379 41 0.6086745759100924
193 273 94 0.15367581925077678
182 268 29 0.4096641338799316
130 17 50 0.18697576976703445
177 226 92 0.7714337440859552
