4 131 25 0.254879381768658
169 203 46 0.4881060265807199
197 249 58 0.6050300847697516
86 168 90 0.6323497850587364
111 379 53 0.9968736761931346
136 385 49 0.5488953047511038
171 99 21 0.7090813440828677
88 275 99 0.2138231989356968
61 158 102 0.5680092040134515
51 231 80 0.42386917766410515
48 311 98 0.6148800973164237
44 96 57 0.5924811291184743
71 292 24 0.4262752764399286
199 113 21 0.611847652198768
145 120 60 0.9373745397170727
76 10 61 0.6993388594905079
183 40 47 0.8191409315084355
149 79 106 0.8516700702110394
54 80 30 0.7501912412797314
87 123 48 0.11251448221917204
49 350 34 0.8979004338932969
19 78 32 0.8421733922558281
49 104 67 0.6658259880624113
134 38 57 0.1332858718120794
155 260 34 0.2429968150135544
21 19 93 0.14790951897507698
90 187 33 0.7991836316411293
51 59 52 0.4030842304851301
71 346 57 0.40118236858362866
