55 30 52 0.2631746861476194
127 166 40 0.8248323825465405
104 257 73 0.12062849552885457
130 75 48 0.5731679576852722
129 244 38 0.04214072545571046
123 213 52 0.5025841111541505
71 327 95 0.8389258082965299
194 294 54 0.7621577186032291
59 285 73 0.7467496574376358
173 131 100 0.06557702159579448
146 358 106 0.4426313446829724
83 136 91 0.1669294974870299
101 55 70 0.020282161967710377
175 286 58 0.8507366649066952
173 358 100 0.7743212168625503
23 292 50 0.440427736784076
93 332 37 0.9436775812858433
9 396 44 0.19616850269744313
11 96 33 0.5159693161044502
85 133 99 0.4943289218397918
102 342 73 0.44688077403263504
80 182 91 0.5398180895352265
