125 248 109 0.12227636120852292
57 297 27 0.9128862904232399
2 207 84 0.4757384139610592
2 7 49 0.30601321367917733
158 342 86 0.3082456961009892
135 87 28 0.4745857225211485
55 216 34 0.9897410176450617
153 261 99 0.5459406399814787
198 389 88 0.9186929882611652
141 152 22 0.013173381479453239
2 292 109 0.9659132127072273
57 97 103 0.7219639267479964
53 292 73 0.05058127354846398
193 71 38 0.7396748652462987
121 241 97 0.8724011250233328
70 167 106 0.5999473225633204
188 186 104 0.42563147871236795
63 344 64 0.738489206227689
103 363 43 0.1503919030213705
145 282 61 0.49948813258806446
54 125 40 0.3409370480847702
8 166 81 0.7438586324416911
155 222 60 0.2788299469906197
67 297 36 0.520579709640759
172 197 103 0.46488561763370073
117 261 44 0.15845803053833163
157 278 84 0.18595055989328735
175 320 95 0.14661300012164857
74 155 82 0.029628572187959668
54 291 30 0.5911228445884281
7 39 70 0.9394317471957804
