171 25 94 0.1750105583436814
103 134 54 0.9021843790770394
29 323 103 0.5332619136254326
115 289 84 0.44144588391892003
14 20 87 0.9428565930121836
41 399 27 0.3120129060134853
99 279 59 0.5596269828599238
33 29 66 0.8136163109762989
119 219 101 0.8733811325652684
97 387 98 0.331978318207781
44 99 71 0.6387781085770996
2 248 76 0.6752574990994643
195 209 78 0.36277939200717557
94 313 22 0.25534809618857024
70 198 66 0.5009277293313359
181 140 102 0.7869285420294095
78 81 58 0.5306867574801151
160 318 99 0.24191208627206706
170 50 109 0.4966638053591673
153 270 61 0.20200850668430537
80 272 64 0.8708929786262768
187 152 44 0.8630347292371551
54 55 38 0.8875631313839579
181 50 60 0.9452092799616603
57 156 86 0.31781483035515323
67 14 63 0.43669938116930196
122 314 81 0.27058463608521666
171 162 103 0.1855977609569166
98 215 88 0.8227216755319036
99 50 30 0.5312545192643982
166 133 24 0.9385721664992515
93 192 103 0.7714672001982789
114 229 37 0.8615639207754059
54 226 63 0.9832837402927223
166 209 60 0.5770122427860922
21 33 53 0.6199717802686486
