67 30 22 0.36570703137217786
139 194 105 0.40323708955038406
60 366 84 0.9774134172049695
197 12 49 0.36759536961010875
186 211 55 0.5157375808213952
68 15 101 0.38687339237643803
107 224 85 0.7963218863105223
84 301 57 0.34106865016539256
32 31 63 0.968222583439966
98 82 86 0.4221293098987461
95 391 41 0.45343477890059314
151 139 36 0.8218065874020294
98 9 49 0.2747072623207848
107 30 101 0.518520439475024
24 63 35 0.6829282885599821
87 391 81 0.13450280378123303
97 235 108 0.7828976399556582
132 308 39 0.35716249532729527
14 249 70 0.8900112669905268
136 182 97 0.5956045074175951
110 181 63 0.8441002478582907
200 345 84 0.9763328923891956
118 63 98 0.33943057301493784
126 41 79 0.6666347783660967
179 227 37 0.7968266714207742
154 87 29 0.803790081547205
96 46 72 0.38607115315765905
192 270 81 0.43857941799642175
190 294 57 0.1252607746948169
158 383 86 0.32416504267603774
140 75 50 0.3671429938461357
181 51 71 0.7948997544723698
136 67 37 0.9520251772092905
26 367 56 0.8409369992059422
