167 334 54 0.4938449248736564
178 262 44 0.2044138125937992
21 215 24 0.9032474511951731
188 50 58 0.5592564590363412
125 140 75 0.9117117248851276
84 2 71 0.2173806749916415
33 310 69 0.9570480673130798
159 147 60 0.9569214118410755
62 335 87 0.47019879990459335
14 369 47 0.6093704599382808
149 272 55 0.07248901132122298
95 109 63 0.9122672712847639
162 398 68 0.8505210455963159
23 288 26 0.41570835880510704
137 111 59 0.9608412382953153
187 129 24 0.25362120056826987
124 49 76 0.7254534352932573
60 304 82 0.6460869046234913
189 39 44 0.31705100920355866
80 371 68 0.7282872807434346
0 285 47 0.24493785620384767
29 217 46 0.16893981517413492
25 330 38 0.459949816688354
1 143 37 0.5842013464992475
170 42 94 0.3724425487429479
35 148 74 0.4954717983469803
133 334 104 0.10613383309745406
