53 106 51 0.389240682965309
133 129 44 0.7766884761954915
107 303 77 0.5021035951808763
66 342 73 0.759600256511296
116 18 94 0.4891375072492046
133 369 65 0.0033975013147138355
20 216 66 0.8184647271756663
69 298 49 0.506787370208921
164 36 85 0.6552241067388617
129 50 108 0.5817732993335953
123 215 55 0.5245465675613274
36 204 39 0.8078537105772113
94 20 43 0.911863148658106
0 255 109 0.8060932571260011
34 56 89 0.5014845437350772
80 351 102 0.7517704663411557
51 214 92 0.8416848899740218
78 284 55 0.7391533424865402
95 128 101 0.2874840927780151
181 309 88 0.2922814152818157
