45 117 59 0.8396801866870329
175 299 33 0.9385642955929021
0 240 86 0.39463894455351267
153 357 105 0.05449008508928044
161 258 75 0.7944036640935077
20 369 37 0.32016542105848167
182 207 39 0.7748251032991572
194 321 89 0.3000431025015404
70 349 22 0.8049628586238402
59 349 51 0.7119188099589397
131 273 22 0.6218693051068543
43 25 71 0.5177683358182713
194 8 70 0.237786550513851
188 275 88 0.9979031554707063
129 4 86 0.5301867830985119
171 189 72 0.3797238631555404
167 328 55 0.454884703123407
108 6 64 0.16983659693100683
156 149 63 0.867405664678875
102 188 38 0.8851816911605929
77 8 68 0.9804541128661769
112 189 57 0.5606576095341703
80 92 35 0.768544786095766
172 55 94 0.6360794090666986
78 130 109 0.9548847720922029
154 280 53 0.6907172945307335
