0 170 85 0.06963824240684258
48 159 74 0.22831738029624848
90 296 94 0.04907757299308613
103 168 63 0.5648658514738378
83 193 35 0.0917654145377289
132 5 75 0.22802051363884057
19 128 96 0.790744498532573
44 281 90 0.026909241687744
11 5 82 0.9346096155691003
57 309 36 0.08075247840314481
41 156 47 0.3582654161836263
187 128 70 0.7467352774441598
81 75 23 0.6511832797282824
151 210 103 0.8031541333055827
33 108 82 0.22027415127078487
48 321 105 0.21984648478492919
95 84 95 0.5677036452006745
105 225 33 0.8845797293114265
152 249 69 0.3810774522627782
138 310 96 0.04273067033825051
33 232 53 0.17105594949076608
113 290 47 0.9231029095581186
157 308 53 0.05017390387948861
48 209 30 0.34973205794057427
12 273 103 0.3624451905793795
125 198 95 0.13657465066942742
28 346 103 0.2798613131159555
52 328 49 0.320514625047186
23 195 51 0.7409164365762791
31 360 37 0.8373849216463446
98 347 85 0.9324555344232834
106 239 79 0.5232368330969327
151 115 90 0.1556640415503745
99 227 24 0.894117631030229
124 349 98 0.9977823496377602
113 308 76 0.11422225019129462
105 210 25 0.2945124909460366
162 127 33 0.11000489710825445
