10 261 24 0.7788093241346299
66 163 104 0.6187125076193266
56 153 47 0.7698977483008966
100 300 54 0.6811699263380159
89 73 87 0.4076715794859668
136 356 67 0.19044905585345218
138 369 98 0.15539092403010912
86 305 58 0.8754282499231134
160 278 109 0.006332277225092442
14 226 100 0.7543116166135847
187 278 30 0.7855701267880273
191 313 79 0.476397617066296
147 32 74 0.4457969385652636
140 377 108 0.19287980033289776
80 133 65 0.11548886721241047
52 15 83 0.015930556398466078
137 290 80 0.07144388709674476
41 236 35 0.3377263542958717
33 125 61 0.020966758849844447
100 246 69 0.4284642859077461
154 250 54 0.23000713052544153
154 367 83 0.30648399873733734
61 228 107 0.09547104367276216
165 211 84 0.9103188196019432
