172 307 53 0.8632335491870176
173 148 28 0.8997648806307572
115 142 104 0.3767414983830374
182 76 27 0.792098079549337
98 240 49 0.9004944023425407
19 56 92 0.31866506215258994
138 234 87 0.5811444545518063
137 135 90 0.1380326325593254
113 66 89 0.35987644254364304
97 376 66 0.5788672197636863
32 202 50 0.025702891597218724
7 215 59 0.3371846825651539
54 68 23 0.5958568727323382
157 166 89 0.6160563410211194
131 395 52 0.7817942505663658
193 79 28 0.16315523476673233
46 259 107 0.35803765974198043
49 330 49 0.03942352134078453
97 86 87 0.6723586147932578
55 112 41 0.23119205061040526
12 322 64 0.6582416654082548
72 186 23 0.7083521122704735
148 65 33 0.6979031871052935
154 375 59 0.32866852773694377
163 81 29 0.23011386812551737
15 56 91 0.7524413937038198
161 198 86 0.4091503785575703
118 127 44 0.6419214588299318
138 292 61 0.5258992319063676
47 288 105 0.07991131595039425
181 175 22 0.9671173190160194
