103 173 98 0.6428214976616747
172 75 106 0.11557157587471878
94 400 102 0.32085283485205185
106 40 61 0.2871442994906531
45 22 70 0.4911082652718113
67 104 88 0.1969489724478808
58 132 106 0.23147889934792276
89 143 75 0.3097304292738695
75 400 84 0.2626585557200628
182 373 80 0.36972395704508787
105 303 67 0.6103557691987348
200 287 77 0.9577665652353874
185 85 103 0.4686385207501189
76 268 40 0.8723912059017872
160 303 28 0.07408364202488271
188 12 43 0.3470236939693727
36 126 32 0.2532705785460895
98 164 109 0.38598462222985463
82 131 24 0.2910528236297609
68 136 90 0.5294411599392026
91 137 62 0.8498653350804388
15 352 69 0.2761546755821557
127 283 49 0.6052756100286094
93 295 44 0.7372700937490732
129 64 59 0.15080993111988217
155 128 76 0.01615145152845443
4 355 40 0.92668123188586
59 376 40 0.4462099869143771
60 6 84 0.17869498227331893
27 394 73 0.8103309322217441
45 342 41 0.1505988302873459
74 75 83 0.7417998462070586
66 74 92 0.9386634198544237
121 112 23 0.021070073454814375
198 140 103 0.8210824460554283
17 389 61 0.2743199930365644
108 260 45 0.7989337873149103
37 263 62 0.4484128613583559
