8 88 63 0.3376487556656509
126 166 103 0.8128312420750502
103 185 90 0.5208608123283676
53 59 33 0.8935251634495462
133 10 77 0.12534035441971947
149 113 96 0.1008333048012503
89 163 101 0.9704375465649063
78 287 54 0.5827590287426102
37 158 61 0.9521267306273262
15 281 96 0.9819904807435929
12 123 25 0.8626519695293632
50 93 107 0.9095727511963457
65 302 22 0.8991672519951147
192 189 61 0.8759050719748939
48 340 89 0.7402867619362429
185 89 83 0.4194951064838449
134 345 80 0.8705771565905728
167 75 95 0.51149552193411
174 184 31 0.8763161513261666
153 192 67 0.9535372908684631
188 284 90 0.1263290171770649
163 27 59 0.8793811588296266
190 116 73 0.5394027197813231
2 192 63 0.8994562152597204
42 214 80 0.7915984349144438
14 144 102 0.3407655157478269
155 253 34 0.17942880462047228
146 77 80 0.2372028782725788
81 61 28 0.551658478018376
197 344 109 0.4391373385363473
55 158 97 0.2838334855727592
56 330 105 0.3755576595832866
160 329 61 0.6674436152828038
125 259 37 0.7841192679905794
80 318 51 0.44416811237261744
175 24 86 0.4855837293939629
130 48 92 0.29099407159599
101 13 63 0.29296435601624593
152 328 52 0.4670516639154445
156 191 95 0.8069337788600454
50 332 50 0.43698901698955095
0 85 34 0.10024465345765243
139 251 89 0.6961497382182814
75 39 68 0.8266839921699272
15 108 32 0.22834516975868902
147 154 101 0.06345982590167465
186 155 36 0.152095436283454
137 196 22 0.13827946367498034
179 182 109 0.23459640229298273
122 362 46 0.9346956092299827
151 280 83 0.07614574316341993
