117 170 71 0.262746073230821
159 90 73 0.5624779944617436
48 365 23 0.518323235099159
85 250 30 0.34452678328777164
38 226 85 0.0015993293275121667
33 21 58 0.0849072859544997
46 24 66 0.7148747959011789
88 182 63 0.6745615709024572
2 16 105 0.33277633195194223
69 26 89 0.9147030022026953
148 348 35 0.7899107807600569
133 18 85 0.6455271778466689
147 71 59 0.7452559774241863
147 317 106 0.7155148783684256
51 150 29 0.2885528712246117
17 131 80 0.21350870465688432
145 10 43 0.2687102981209989
186 385 61 0.6707556720076864
192 293 43 0.6503453720032427
100 400 52 0.8354699979432494
85 180 94 0.871467699883996
65 110 21 0.6577796838000387
67 255 36 0.4985405289502538
188 297 67 0.9186279430563011
95 334 22 0.10757802304562425
126 73 58 0.4371034573810514
41 194 28 0.026289695602576435
117 47 79 0.8222696255994641
