28 92 66 0.22437813753957492
171 223 84 0.34328430152258405
37 32 104 0.7610275103538344
181 311 81 0.20272546758158916
23 145 35 0.7231615377966549
196 162 38 0.8526384554365921
63 277 86 0.8085935478781672
92 235 72 0.8361530179127601
200 159 50 0.015472480050622961
81 26 94 0.3001415856637638
93 219 80 0.3184827301300436
153 253 86 0.41206720542450903
151 342 91 0.4014643960009556
172 162 30 0.30067198294145103
161 289 89 0.3638947667702217
45 11 43 0.9820019952788842
122 219 43 0.6090496094217196
73 287 93 0.2612197775402927
58 123 85 0.3725107870032559
35 229 72 0.9390686991046904
98 163 33 0.07022527837988812
7 120 70 0.22459202512690046
143 332 35 0.5050348709344396
181 228 87 0.8245730270822997
186 381 77 0.4057247722892747
66 34 29 0.7165280482884062
49 63 100 0.6116685377207924
85 341 29 0.9934659173147065
180 343 31 0.36368772065109667
184 347 82 0.15998339846885745
