122 320 31 0.33476956604978114
22 165 105 0.005852953496348956
169 129 55 0.7768005214362057
135 145 37 0.19346068011869177
66 161 26 0.4471606965148859
30 187 77 0.6653669428633948
156 297 98 0.6663918981336661
19 252 30 0.44970695865987254
78 98 29 0.7386060852978704
171 15 53 0.6039932197923215
30 369 24 0.9115287981065011
116 164 35 0.8507757726489982
130 294 41 0.9243286433539827
29 387 58 0.2575831239855382
131 382 63 0.4292777447266569
12 121 48 0.3078148135128551
132 148 70 0.0772700029507799
124 114 50 0.45976829345350434
185 53 53 0.1250450376907839
131 376 56 0.6608394169586923
92 164 71 0.05319221667020091
43 360 93 0.036687320585635064
128 126 27 0.5153976499154135
