195 358 64 0.5840245036032408
99 200 68 0.535911994628768
123 62 36 0.7673608654374678
107 232 76 0.44714324155707275
28 227 40 0.8457173095661262
93 248 59 0.8892343249056518
145 261 85 0.8109742184361106
41 139 103 0.45177419147461906
194 34 31 0.8660366237494985
86 293 89 0.6855517933724112
200 374 42 0.2696081101555594
159 262 75 0.817505900482624
55 363 64 0.5889978434638424
8 301 47 0.49672054837325197
25 284 104 0.9235466838618109
124 242 44 0.45759046479640997
199 279 56 0.15909479187816322
127 154 32 0.9156014167962626
179 314 38 0.4067917507483242
194 191 23 0.9025354143935034
83 26 29 0.76812617055053
187 146 41 0.7064154465630988
11 143 60 0.53062368159788
145 307 98 0.5509087722766576
62 241 60 0.6654694942641294
7 363 102 0.6660433196632434
60 286 74 0.9355933536600296
111 338 21 0.6105319829432153
116 131 103 0.20578645416893337
167 234 28 0.5447614232761657
192 33 51 0.43774612382285527
137 296 22 0.019736424979427625
69 4 37 0.8371094139115902
122 81 46 0.4376786914486389
146 54 89 0.5577667165668098
57 357 49 0.3184655376947776
27 200 41 0.3943163390168577
133 322 79 0.13185378945694148
41 254 81 0.8773701698099146
53 115 46 0.06971691972855298
