46 22 21 0.26254834869968213
56 92 42 0.9872533803934099
167 55 65 0.7934472524743417
189 104 62 0.33624454906310974
42 62 53 0.04903945093694151
11 83 50 0.8537546314520096
189 329 100 0.6955104522967679
177 265 38 0.612985620542978
39 184 89 0.8830787768256498
159 83 71 0.9665169371088799
84 274 90 0.9730105663709802
29 238 100 0.8688809813313296
2 78 56 0.34009537690890257
177 155 101 0.30920277651035943
59 45 73 0.22774459205411324
69 23 26 0.5148531919499193
145 148 81 0.08699468157406853
115 148 60 0.12990056685203888
56 110 34 0.4709681475558416
138 245 40 0.0792605088748759
125 249 24 0.11005935840762937
178 201 89 0.42793936599754956
94 134 23 0.7900705987757882
179 197 57 0.7588066067957292
95 191 78 0.9459015215211907
87 140 40 0.6251035538232288
27 380 26 0.542476129882848
198 34 38 0.4405220984189957
