192 273 107 0.9179654608143252
184 124 64 0.5248984811045759
192 157 38 0.20545629097685203
146 151 109 0.6361087129006072
127 317 63 0.2684974292803247
88 387 63 0.5665801370828137
115 70 86 0.12435053793556083
159 199 101 0.05957540242781112
95 3 26 0.22460882918209624
177 127 89 0.05685260558235328
166 100 82 0.4724692967925328
99 269 101 0.5405629424228479
171 326 37 0.9717337827361217
115 170 94 0.7907051314375676
111 25 98 0.903589640362772
67 150 87 0.6298583620031466
111 145 91 0.2609042130986521
198 150 40 0.84795618251526
198 398 52 0.6726978660190579
93 164 30 0.10263295295506725
102 270 86 0.6119276602131631
199 170 104 0.27588685571311966
68 304 71 0.3447324400186884
102 132 52 0.5417206702913397
43 267 33 0.7497269930934967
94 118 49 0.20486774589712098
192 201 21 0.4108139190010375
153 89 41 0.203646841939226
43 176 94 0.5457648920167375
29 185 31 0.7748561376820949
130 156 109 0.6801526608242007
171 211 58 0.830848011294592
92 10 80 0.4952685880443233
