162 101 27 0.7046029735198581
173 250 42 0.8061171057691336
4 302 53 0.47016857445298266
86 185 33 0.3825537445404814
8 315 66 0.09922738108161522
185 89 58 0.7381625344981977
16 136 39 0.12635777184370411
132 105 70 0.16595954012278813
103 332 86 0.702181726851431
149 100 44 0.6302000998316596
96 19 100 0.4538010514001162
146 216 85 0.22927261285820844
103 308 43 0.7039593942761594
187 89 36 0.03509121531204584
78 387 76 0.12183018530633194
139 222 101 0.8736537387951984
159 175 60 0.4730393519787598
151 188 100 0.052484703947140665
27 143 49 0.3663644640240665
14 194 66 0.29090312233597937
123 271 68 0.7878402564004461
180 34 92 0.2092224218465898
