6 272 27 0.22877573839768628
136 261 67 0.20009872909138704
174 27 32 0.16630737084168878
121 246 84 0.8809716997666305
152 81 76 0.4158937764755761
13 154 99 0.9723234211588946
5 333 56 0.49642256349049696
116 34 106 0.74903853134918
70 260 104 0.5473744099867948
26 289 109 0.4592464125731043
138 298 29 0.830813756619618
75 374 29 0.48221150501204535
92 306 65 0.3150141538760889
37 317 95 0.6879991330017977
107 342 83 0.7604155278104512
133 151 88 0.6065262162988684
7 26 97 0.48048418791184944
33 370 70 0.8558986984993542
53 389 24 0.6874858153165466
82 342 72 0.9082940643813162
9 366 93 0.026400786852058267
44 252 72 0.09172949742763992
28 155 47 0.10935862440678334
182 184 39 0.8026582318572909
86 57 69 0.2723890586136001
81 221 68 0.6157382264506496
141 307 41 0.45494792521304617
156 87 87 0.41043094664117385
101 214 71 0.553612306304902
112 249 95 0.7464273252716029
42 92 46 0.4620725509405521
