103 205 80 0.808110074196503
129 42 77 0.9178391335236029
115 113 22 0.44900028489222976
141 330 99 0.8261493832374072
97 322 94 0.9483488694488734
183 276 52 0.021246645842394885
127 390 91 0.3153719280821995
55 267 63 0.005255041340479605
59 318 97 0.8209311927271219
76 73 46 0.4434742205989747
115 63 56 0.2628174895860591
67 39 104 0.8250174489724427
79 276 65 0.06932514480459206
197 161 92 0.4612224545848963
60 105 48 0.07651223512492633
93 117 70 0.47573303436663095
195 214 85 0.9116030243225258
112 304 93 0.3907472805231903
186 366 84 0.24203779449390528
161 78 47 0.9994996417351538
43 140 66 0.16554117743777008
105 35 41 0.5156227412919864
89 379 73 0.3564798329978258
184 44 73 0.37236633366078187
120 200 106 0.6442496860877139
106 245 43 0.17015069472023148
161 68 30 0.515917793165131
163 383 77 0.2789200914163137
117 53 104 0.39847566604269513
114 114 50 0.5832598168199553
98 222 33 0.7491754200891583
141 265 65 0.8440255060820001
92 238 71 0.1861203741116818
48 393 99 0.632453230532031
100 70 41 0.8824704069209036
119 347 28 0.9122650473567403
