131 142 102 0.002614088032358297
105 307 68 0.5190939412618467
64 359 64 0.5162552830835351
81 351 99 0.2985447375654714
93 248 79 0.4026728190828648
119 19 47 0.568124820113074
130 312 65 0.8219564844620598
76 29 62 0.85759363981687
86 294 103 0.3803907671637421
186 111 86 0.21296910053800278
27 219 52 0.0704903457860212
122 149 49 0.27436745296351095
164 31 58 0.9088914577742918
49 86 35 0.6157779468271098
61 372 36 0.10796667129726945
4 112 50 0.6723324132746058
137 379 98 0.7802475767940164
63 116 91 0.5601120872219092
144 363 42 0.6765073658868814
181 318 36 0.6183506696070374
55 157 90 0.8177503193378514
71 389 82 0.1601098732727576
105 334 31 0.5009526261759547
59 246 46 0.3884134448230896
138 118 53 0.5912865613938694
146 237 42 0.15129014430075183
39 27 37 0.9608893303306653
0 155 64 0.9049034033052088
36 217 25 0.7479729813586116
71 69 89 0.6252340784229251
154 154 50 0.8057357972232336
