185 222 60 0.31635807298620766
79 188 73 0.3889842738310355
79 309 52 0.14437730411939909
95 41 82 0.869412521544389
104 254 43 0.6339343333611867
182 309 71 0.16894261492509122
80 158 47 0.45362409847576346
172 42 89 0.3566616609117652
59 141 55 0.5278190770325285
114 129 78 0.08114538722580378
150 55 67 0.703050678141352
123 40 106 0.37171422463483017
189 7 24 0.4490073179365407
153 154 44 0.11761004774007267
129 14 100 0.9094573448507332
77 194 64 0.823503048812888
168 352 99 0.31312959509863814
110 187 48 0.16820988128948333
81 152 25 0.6805240661007221
117 270 108 0.9801696459328078
169 284 108 0.7516020768700887
120 53 58 0.6450202816492079
165 169 61 0.7023446171593676
23 243 63 0.48531804714834925
41 120 82 0.7486294528647683
