139 85 42 0.23970523302688107
16 275 52 0.7397394500209706
41 360 31 0.043941899026635256
61 379 82 0.9727680107646484
160 296 98 0.2527236210654896
159 347 80 0.24551617285932903
127 279 83 0.9175236543890363
14 332 24 0.3318348574907075
37 35 43 0.5031372400697703
121 214 51 0.5242619787908656
186 39 55 0.20308903293264224
143 212 80 0.08307743632240328
134 278 25 0.3278158096041537
195 233 94 0.9623162288368241
159 126 95 0.3642183967950434
114 211 42 0.5128778522778382
68 168 63 0.812815296535153
101 255 62 0.9350251961233569
8 260 85 0.8092485368274
102 48 89 0.1949142096338018
28 325 75 0.31192511084268026
144 94 58 0.5635831354328708
170 382 79 0.7228120212473541
111 103 86 0.11918811181602895
164 368 104 0.4966678939249287
177 93 104 0.33708584821841237
69 118 64 0.22297571362545066
52 341 50 0.5205579665794551
36 319 50 0.5196663751406548
