160 56 55 0.8848468425951534
76 63 97 0.8405337430164868
17 338 35 0.904125199864221
17 313 40 0.4462471864963954
151 299 24 0.1183909352347613
147 80 78 0.15489712461562521
121 242 57 0.0773390551880746
11 281 101 0.5160031418274651
197 388 94 0.2438234636063158
157 311 89 0.5225058768036172
91 3 60 0.9437464716416784
75 370 84 0.0770835766986182
92 166 89 0.24511635920432961
58 44 67 0.21775648927397417
55 268 94 0.09245677615782599
184 301 87 0.3109574104587639
20 2 88 0.6527993491174056
27 251 76 0.1372891545043179
119 395 54 0.8526142169064951
128 164 98 0.816879892401625
44 122 39 0.5879968506168745
24 75 45 0.21764853792338323
51 80 91 0.09005451521770469
23 297 95 0.6774229282101366
3 268 99 0.6132209138107496
148 394 46 0.060211456195460866
58 156 33 0.6211512757764859
182 31 95 0.8082290297333343
