128 348 98 0.2867187324243894
189 19 91 0.6305666817899308
168 44 49 0.665693076231932
58 21 48 0.7900656174839688
11 337 88 0.4341992014630123
139 200 59 0.6088951371516719
107 131 50 0.7069872381089211
66 376 61 0.2932911688040496
57 60 61 0.7879577687975096
178 308 84 0.38446386300653235
50 120 57 0.6160596745223345
106 15 77 0.7408405812830752
22 29 23 0.550418177306881
0 332 79 0.2590146305863067
34 76 43 0.5720760082028007
83 195 78 0.5065186008210533
151 147 81 0.5226841270763009
38 185 70 0.25790055193403316
3 71 79 0.25457554417595807
171 31 41 0.145461504442864
6 116 101 0.7546163693564416
42 264 25 0.814376554613743
56 373 68 0.23768419638598892
62 154 78 0.4620083163447659
56 64 55 0.46997799649253147
