47 391 35 0.9203170324682183
7 386 98 0.5668277889709611
20 42 79 0.18245524697178128
20 264 25 0.5542808042402695
115 254 91 0.253001925062754
117 120 108 0.3842364792497912
151 341 46 0.12099415219272447
89 313 39 0.25798993200204734
127 116 37 0.8944865636938877
182 396 72 0.004378306112663211
81 290 27 0.6506826251385921
41 106 81 0.20709085892520218
87 387 85 0.8471921463218247
97 192 65 0.9678038120719963
89 105 90 0.5975508971949943
189 205 39 0.7631705077032627
37 221 106 0.6414854396059515
196 48 105 0.1724864148986569
49 69 21 0.22684298105683676
185 120 78 0.9696696994546506
84 163 66 0.8874117582058537
195 359 100 0.932606482640881
97 267 75 0.8585478532856616
159 385 54 0.9564790729404078
41 330 24 0.4947700497842301
48 14 43 0.5308933968574083
195 51 71 0.4896900409610032
110 106 87 0.14636072699809122
172 196 109 0.9021979854209663
115 323 55 0.8022666826367402
107 71 21 0.42860372932258883
105 255 71 0.3112697754476397
147 377 107 0.18839060341260816
16 331 55 0.1208837988861865
36 46 93 0.3264667271857561
74 341 43 0.05014857764162062
128 238 69 0.7806100362015352
