174 112 101 0.7031344671898825
2 211 51 0.8089457052586887
126 147 26 0.5165390758012666
196 302 26 0.3342003078766028
29 287 101 0.10938924833129982
75 54 39 0.005347907366713978
199 249 37 0.10830375765772682
114 232 82 0.6266917050520895
186 221 99 0.08173501439778363
78 101 103 0.7755496166438832
165 140 50 0.38073921597797034
126 359 38 0.27241318914366075
190 44 40 0.8137698915362006
62 307 34 0.25197294828752337
45 322 99 0.6039496114256833
91 77 88 0.8242804101951113
38 316 79 0.43844273510122245
181 93 35 0.26846502565437613
137 334 99 0.0960910176632438
120 97 35 0.1302258495782016
168 342 40 0.7433470433259391
22 228 66 0.006999852083698133
198 285 39 0.6039105488178064
57 69 56 0.3642099892011518
164 18 25 0.9755920599500796
178 146 60 0.10326334820676963
195 47 92 0.10718750766996488
40 299 71 0.9807454299297848
121 396 51 0.8493034781026649
195 399 92 0.8319709922618546
12 367 93 0.000694886888017332
115 264 60 0.8984737731724228
