92 386 59 0.8647500416275424
139 195 35 0.6191090655908912
175 123 80 0.7162346551829818
187 169 89 0.27124663720074227
3 45 77 0.6469453498526152
69 242 108 0.45419388496600444
140 100 51 0.13806729371137305
187 64 102 0.9961452627831278
111 323 72 0.6297972269124734
195 61 61 0.8466726494107047
47 249 32 0.235727251853886
148 378 52 0.3425799487286676
41 135 30 0.8038847912950303
162 187 102 0.08025150179982055
145 301 85 0.3571131052376224
47 354 74 0.8120969376849245
157 326 88 0.9516675985938067
78 185 101 0.9689771006936397
76 106 72 0.9339594808000631
37 392 51 0.7350892863902659
123 231 39 0.5131380642861384
133 154 86 0.9942061522008163
90 11 89 0.5808725981215259
62 113 66 0.4784651830729115
50 14 80 0.6570731817331822
117 294 50 0.5678200075161326
190 100 52 0.5090159399794091
152 46 85 0.1385083033536052
