170 322 70 0.9037828029482542
123 21 26 0.6678851251652774
31 334 47 0.8998109953822233
150 140 66 0.2902123664165627
181 4 70 0.5533039999796563
58 153 100 0.8603731353398105
58 181 23 0.8097239008086017
140 73 108 0.18035706766339943
83 399 58 0.1874145178696227
194 345 88 0.7747641720516222
198 35 92 0.7307619416499145
70 147 72 0.4872789828027385
175 260 73 0.20846099858601674
39 337 32 0.17824734746518944
84 212 64 0.6257185014334943
150 85 87 0.5530556675670966
104 371 67 0.8039100216603948
190 187 95 0.7157724665842812
48 172 53 0.945679861552058
139 236 62 0.8483778947223101
100 355 87 0.2718086650408029
135 159 59 0.04711293045750109
10 21 49 0.4266691450168977
70 138 58 0.7495823555489575
90 343 100 0.5005476763730136
46 17 23 0.2735347737825534
7 249 75 0.623221148421815
56 271 60 0.39489003748631546
36 348 107 0.5439292470492227
95 58 56 0.1987716152017781
187 217 70 0.13418021085258114
86 249 41 0.24631633303578693
