152 258 57 0.9496130481730781
47 196 35 0.46624201016456723
104 193 72 0.2867675621082809
101 82 50 0.7530261207327134
53 198 93 0.6215956445727432
196 176 93 0.23331916593274504
0 385 25 0.11186895431288957
193 168 47 0.27810228491595135
39 77 85 0.017633629519370086
98 250 57 0.8451648305079776
102 296 47 0.99868430255729
74 305 101 0.41338658747029855
180 60 104 0.018124476400608658
148 78 29 0.8518091811254465
178 27 48 0.1837806717771746
98 125 64 0.475486135767761
132 12 26 0.9310366794274044
150 97 38 0.5898438531204402
85 199 96 0.4268249225018166
192 357 42 0.6036905982953915
72 259 76 0.9921660254054403
49 221 25 0.16661976610798301
125 260 63 0.9607159165370714
25 170 95 0.5167502275202803
83 336 70 0.3259631783780994
