200 337 28 0.3780218892897378
165 36 88 0.11858980537866093
146 352 36 0.6058084281601135
179 229 73 0.766718358436238
144 264 48 0.6486215674633227
58 29 40 0.20092221521678877
36 80 84 0.2875506960683559
31 115 103 0.9704745688769547
79 272 58 0.2429656943808408
15 140 37 0.12545008818936942
134 218 79 0.7610165429349476
11 51 79 0.6655416738484239
104 287 40 0.6724254323737663
106 194 61 0.8585986340804028
170 63 98 0.6042029501018389
29 362 84 0.4289090407471774
129 205 28 0.11227119218762349
1 315 24 0.6246789613998401
196 192 32 0.07153434357209076
86 142 79 0.09074180836422352
20 339 35 0.9547649024940154
175 193 93 0.07096568377804258
144 241 52 0.9868385871448605
94 400 75 0.4987402055891622
100 144 92 0.8555515944137995
22 216 69 0.9099975340003141
73 91 67 0.11253538161414156
179 50 106 0.8277942816418418
119 31 88 0.6567291053110197
45 376 33 0.44875891029192394
200 40 92 0.3629492965114717
42 13 70 0.9001566979627513
