79 267 99 0.340960563597256
179 368 62 0.8146582764978064
4 101 95 0.04104888332959156
128 3 25 0.3620153580169664
65 357 96 0.2705783684359643
127 366 25 0.5082521270921981
140 304 63 0.47428527630735406
74 152 70 0.2984688598425599
60 104 78 0.4886416912129239
7 361 50 0.6172052665754909
156 369 54 0.32328660876999216
138 355 106 0.8893603884463208
167 62 104 0.8849317912102083
104 277 24 0.24855907207430294
159 336 100 0.5011286997683694
64 128 27 0.6447245714890568
174 48 24 0.9455465143956384
65 304 70 0.5016692435025238
180 332 88 0.2651727351426919
152 235 72 0.42335108707548885
102 346 43 0.5626641728533797
115 237 46 0.0343360915536679
196 359 78 0.48271008012995487
197 292 72 0.2380467924666788
92 233 45 0.8382718017102085
10 38 28 0.5668868885309211
172 282 55 0.12672728073398443
59 100 38 0.6022324502076067
193 182 31 0.6003526531994071
104 264 77 0.6316269588786639
