122 43 56 0.7305780354608289
109 89 24 0.8575546822379305
117 184 93 0.6025434707349807
176 1 31 0.6263274443729749
78 231 64 0.19632983269372606
87 151 65 0.06152293883148141
200 9 105 0.5297659028750638
32 140 22 0.9052046731266862
117 355 100 0.4333603676836747
111 212 51 0.2976090015537516
58 179 52 0.3404993105070957
74 234 28 0.05967454175760989
4 108 25 0.5111357496156922
26 214 108 0.2864986021628392
45 65 91 0.3393803447021658
162 130 99 0.89119464477884
87 327 68 0.6030513844822717
136 339 73 0.691621535013455
63 210 51 0.6336574841588727
104 249 98 0.22027547092310884
162 190 29 0.6795242665460786
58 332 54 0.4118096239890403
17 343 22 0.965759234719003
60 23 76 0.9279336333404529
185 230 65 0.33810987775804446
106 181 93 0.8412727041792122
133 69 62 0.8393805380357383
