162 90 89 0.10857339135030708
88 342 73 0.49031690414625295
54 218 105 0.4964145835038619
184 327 46 0.12795033255985833
70 227 62 0.8659414901429655
135 234 91 0.8478323851245739
47 192 85 0.6868581831370846
108 79 50 0.23151539791757048
45 15 53 0.14730199709611058
194 318 59 0.9816201298869237
138 396 104 0.4954866334044583
196 165 36 0.05220192274832469
1 25 79 0.5324689983963636
151 38 89 0.2570386830211515
121 92 47 0.6616247445835934
84 304 33 0.988361598806036
189 295 36 0.20493036441281043
164 195 31 0.8771106280628617
142 205 85 0.48163827692423755
44 224 48 0.36158812927887285
5 229 104 0.9092008647729887
183 395 36 0.22260115358769372
62 128 100 0.2690186807163103
23 78 28 0.5620675638066772
116 168 52 0.6860113965645666
168 296 62 0.7315936351141343
150 347 104 0.1892263268464186
27 350 48 0.5355577003818014
108 311 25 0.8443514078711841
168 386 85 0.9438636160184365
29 123 61 0.4276039273333244
40 114 32 0.07820062504485459
100 268 73 0.48630960176657867
123 259 49 0.6982583940148984
