87 5 71 0.7148655945107067
93 263 46 0.23930840544688392
160 247 54 0.6711813204808595
16 221 89 0.8329583735352841
122 221 93 0.657003541799836
12 101 106 0.5733806202800072
111 41 35 0.2648795146925931
159 97 25 0.5638675759942059
108 117 27 0.2345971615546455
25 300 91 0.9305101665073611
34 195 62 0.3969331420033213
149 336 52 0.9485462094781547
179 296 29 0.023772884490330548
19 360 90 0.8648473730721307
7 286 21 0.7866934566397815
81 289 76 0.5295855306896433
90 222 39 0.25204919738740794
112 133 37 0.33353067394678104
189 22 80 0.7261506140636398
152 224 53 0.5278235860116981
63 21 92 0.8103611385782772
70 20 34 0.6073563643025367
178 23 103 0.7523543516277966
133 179 80 0.9184453844867548
91 298 79 0.009771408463166154
146 242 67 0.25764226510965493
158 41 73 0.0718418633594482
200 206 89 0.8465309623457148
