184 154 68 0.5119247359565089
196 68 25 0.28924738283305707
102 354 64 0.8697811432630935
61 330 98 0.42427790028108225
87 180 70 0.6355274683898475
24 124 46 0.5800436403059361
190 2 40 0.5266957837513141
72 135 94 0.2400381776254601
123 386 62 0.9328842745238943
142 68 45 0.7093649177542244
45 150 25 0.23980976103799356
124 175 61 0.18931647985264277
85 110 44 0.7461577602284645
27 39 41 0.7794327083392322
71 160 41 0.1414211731824493
135 179 60 0.29176173182370324
63 197 82 0.6053045432598818
110 247 95 0.8757743315225844
163 394 24 0.7946941607105987
68 197 68 0.11629866186850601
163 316 58 0.093539797935562
48 39 81 0.12615512311512278
92 370 69 0.6216119198918881
75 365 100 0.14101755993648202
38 396 83 0.11816943604745456
131 98 66 0.9762326627097014
194 245 84 0.23177749421879368
190 190 31 0.06713082667673687
66 314 79 0.7863302896794858
49 131 59 0.5027998563170422
157 329 64 0.5892646928860141
182 20 79 0.9290497096482195
72 97 61 0.2704404699337263
