127 19 39 0.5898944605797745
31 193 101 0.6025210854159727
96 140 83 0.026307646697252496
168 319 96 0.20105476955611135
77 91 97 0.9167671931263145
133 145 100 0.5409243581313874
134 157 78 0.840086040899596
138 81 67 0.22377082081367994
69 220 80 0.7819981922032593
144 384 33 0.9323606371725844
2 198 34 0.1825245422948274
20 125 73 0.7137966635654384
126 116 28 0.2595641076228109
94 383 43 0.43154092694101254
190 230 78 0.867993358852628
150 158 87 0.02042127909887259
47 249 40 0.1255757921886559
101 92 67 0.1942848605937848
163 156 50 0.07650088825735268
147 33 64 0.7177931052150544
160 227 72 0.11605619606921358
108 203 76 0.11750780231720781
12 54 21 0.9661885633446127
148 290 66 0.027264476880989208
134 105 66 0.757530714654708
14 169 99 0.6646551235760957
19 156 107 0.015544922171539133
9 160 97 0.8322237397932626
