169 245 73 0.22513420545546958
6 42 89 0.3738950979225697
3 363 34 0.2687930062357492
198 218 102 0.907054828543264
30 169 21 0.08454197269388442
173 381 93 0.5218058208009975
117 392 54 0.18504782807372888
48 168 42 0.059700293045567676
114 275 74 0.36023138094504026
185 281 97 0.13895370642432436
46 233 37 0.43782094179271025
171 395 53 0.29067365968440095
84 230 104 0.26058037089072106
178 163 43 0.37496735909305223
15 170 84 0.6393772468506621
193 395 87 0.15530842953844048
62 350 42 0.8410278523243117
192 176 83 0.6885669515764686
71 51 49 0.11527530605967895
37 211 85 0.9592434736853725
91 372 25 0.29427508101556243
143 368 79 0.7590928073581994
44 44 104 0.8023620490864504
51 152 30 0.5576205027011295
39 106 85 0.1350486556727244
151 297 91 0.018312309431763873
35 19 61 0.21884790565846723
24 140 34 0.8155641485258902
