45 96 38 0.3313934066869756
46 54 77 0.7523551450476983
158 356 65 0.17026418446594327
131 381 69 0.8267901351420308
33 325 103 0.8379147902791522
105 158 79 0.7923270893560416
147 232 29 0.10200634430071076
188 117 81 0.33595902005456124
135 197 79 0.21886947906530096
76 117 49 0.46842936146219294
54 331 31 0.5529952222112249
123 378 37 0.5240331433019529
6 55 57 0.06460214700856959
162 395 57 0.9737259026949016
28 290 84 0.6226806992319315
0 40 22 0.43425048894796503
73 83 85 0.19613756268181082
115 8 45 0.5490226675639364
73 104 77 0.5974940662772985
119 393 38 0.6159837609316388
29 362 45 0.2020803379110533
160 58 21 0.8637832677054395
106 308 54 0.9978533930261249
107 119 99 0.016967690884648223
182 97 36 0.983200822573867
118 279 90 0.7540184740259532
