195 274 35 0.7668935743338032
89 378 22 0.8929722300190839
33 157 77 0.13503670072730767
76 194 109 0.3477575986527963
57 363 74 0.16544135157618667
78 75 65 0.2989022736291508
81 217 64 0.6550689255752603
146 89 102 0.6189261139837489
173 384 62 0.17629862577766853
129 296 98 0.15173013813705838
161 380 30 0.04126036748155193
56 130 70 0.5856902552052882
48 318 33 0.25218942747793116
136 307 79 0.6363744406470516
79 285 82 0.3789620843602698
44 177 22 0.35236504933553847
168 164 70 0.1238216132753227
193 41 67 0.7341383984000853
195 372 94 0.3940863420204759
190 158 68 0.07161952647059666
141 48 81 0.2391519798253129
161 156 60 0.1785391151665645
113 364 80 0.7226359500098005
44 97 54 0.6296981082134145
30 261 90 0.12240103601989527
146 251 76 0.5839707121832123
125 317 38 0.5128393096059295
183 245 22 0.3717007799278138
79 372 82 0.585543872060606
117 199 25 0.22970498871316747
21 144 66 0.031474900996230626
35 198 28 0.06171431540313044
105 204 31 0.19737825961537947
22 181 76 0.20022763490720696
60 364 52 0.7307137107327465
133 361 93 0.2259705280946367
94 134 99 0.049624436359241964
130 5 82 0.48417219620970153
74 395 37 0.041563144661890594
70 278 94 0.28705837127657297
173 342 93 0.38023709899607616
