108 377 94 0.6349813020049412
64 192 94 0.36648743551930296
81 340 78 0.8250277824727131
110 20 66 0.3895690365393156
95 17 80 0.7949944364758756
169 84 38 0.0008513229702743486
123 220 22 0.661458490862856
65 201 60 0.6775808028138922
54 314 47 0.5352839260064667
69 76 42 0.41112390322462466
8 311 36 0.00919675544166787
0 304 26 0.3388174472400003
54 243 75 0.2594145691911992
200 296 75 0.8178918247382342
187 253 46 0.13179801948646852
69 237 87 0.9900775353316652
108 98 79 0.2007327328429095
40 9 99 0.11762742258793613
60 122 43 0.5107808337601787
186 324 61 0.21864017847256878
130 384 95 0.6621453881122193
200 169 74 0.3518430233816662
183 75 38 0.885377314803002
0 363 61 0.7057247386463152
176 70 33 0.36812235673891225
6 369 95 0.8824709054612151
50 215 103 0.8169807758261772
122 151 100 0.7659980485625313
158 107 78 0.09891296424126694
