176 263 36 0.165638085722435
33 376 31 0.9439767188964664
0 37 109 0.032998898940912014
146 240 79 0.7506188108889272
67 30 25 0.9064613341868809
100 17 48 0.48990412525264326
14 325 106 0.45252194524695555
86 340 41 0.1555537159768201
21 252 86 0.013329983107160603
143 84 34 0.1729734654998143
195 371 98 0.09612125934284987
76 77 60 0.26423151892141183
35 182 46 0.9607220116329875
118 286 93 0.14750022038097277
125 254 93 0.02867435901836457
132 57 82 0.8160466057032914
111 100 59 0.2869362464424041
51 157 50 0.9261009535076349
8 74 34 0.76723770284983
149 302 70 0.9745006232960643
154 288 92 0.6526211039240966
16 108 98 0.4425914234691125
4 154 78 0.03822945379837439
30 119 108 0.2741040575617788
127 35 68 0.4897616017259736
69 162 92 0.14208785772804955
162 155 45 0.3697437364091569
45 69 43 0.12399410274882172
39 267 63 0.15474517872718374
68 284 52 0.07966829243411344
