193 106 65 0.9326431518270887
57 6 106 0.884674983010005
162 50 84 0.054949823416368226
37 22 86 0.24587363563755316
199 120 32 0.2513252531934448
92 86 34 0.10969642080497799
113 315 49 0.0213710587007242
106 226 97 0.42971790538373345
52 45 56 0.8102556033417718
10 67 83 0.35361154955274376
171 125 104 0.49434376073958053
24 232 107 0.0835085554058268
100 65 54 0.022286981712407727
98 16 43 0.7879436118804263
139 17 29 0.7872521570791478
77 41 62 0.8234835954484441
194 240 88 0.9740668147865761
183 171 51 0.21607785708756322
49 400 73 0.6035605932775688
76 258 41 0.10422925991019638
84 232 68 0.21617259046072757
150 36 44 0.7518073003119584
102 136 59 0.25522848061994663
178 353 102 0.5308894978633588
25 133 102 0.8722617174625337
99 350 93 0.909214017341596
65 209 102 0.04154232069793229
59 232 97 0.9196066498785128
152 198 108 0.9351567778459379
186 39 100 0.6771835061927959
115 306 106 0.21316544867796205
111 302 68 0.11077521035392557
