199 22 104 0.2888960874081957
152 331 37 0.16353527156559966
98 392 21 0.04270070486115729
180 214 38 0.6477464416533028
189 144 52 0.2779278090288545
129 332 73 0.509860067210945
78 237 92 0.3980264578382421
160 372 52 0.4999772462848756
187 232 60 0.5692445801250353
32 371 36 0.9846472533787881
162 93 108 0.37958364487568175
142 259 40 0.7945360832836299
167 12 38 0.8703724563480008
18 145 93 0.708931751144418
139 347 57 0.780611257203561
19 296 74 0.6979061530398527
6 316 48 0.3909679403439489
106 188 91 0.0016276434446127475
28 388 95 0.7842430805245162
23 287 50 0.29917812533691335
125 92 55 0.5268068335591141
132 273 61 0.21784092520684595
34 284 44 0.2855604341868295
156 98 98 0.13585379719515367
86 106 105 0.4613388749125692
43 116 91 0.7553987997942674
159 102 38 0.03811963085122427
19 15 94 0.09172575188935517
81 233 99 0.2451128422491181
151 142 25 0.444028187883734
