6 184 35 0.6250240588127507
195 150 67 0.8626752056200799
170 151 103 0.01906134597672493
184 33 63 0.5533460871008065
110 15 32 0.629330433966263
98 17 66 0.6345689039835483
24 37 34 0.9301568837974998
73 57 62 0.1856490434652801
45 335 49 0.42425346949860876
135 165 105 0.14159365025117876
101 323 75 0.13621531289495192
126 245 107 0.4587807296309374
176 145 92 0.22810378989164337
192 222 47 0.9337950532122121
158 39 102 0.8263605045839348
18 193 42 0.7376484695094381
190 141 31 0.9428724475270044
123 149 84 0.8711674059315478
154 239 38 0.45957168881424426
8 283 51 0.870932277147839
72 318 55 0.3913137400658172
160 341 57 0.22212850028487086
131 329 78 0.0016072405931397693
168 255 78 0.5961797842461962
192 338 26 0.941783879628264
174 267 81 0.998510386737102
100 116 55 0.06071133539305218
114 339 36 0.8115390055740687
151 243 102 0.1379636703922854
109 273 60 0.14496789372457886
150 365 53 0.703188317387507
127 309 21 0.44735007919081005
69 146 73 0.8707309872242578
23 290 95 0.28294060702703216
