10 248 23 0.7829932059946378
132 383 57 0.27759682152663334
148 174 103 0.6756629146058937
164 217 104 0.6414387686319427
55 346 63 0.38976090828550103
23 210 45 0.4297599837444436
31 166 29 0.11537530975947174
103 214 24 0.33329504228561124
98 49 108 0.4441971995388695
93 399 79 0.7646247879006034
163 217 108 0.8581742168819445
126 262 37 0.5486601950358663
14 207 46 0.41790076116147523
105 159 89 0.22931778434130168
188 47 47 0.7989764851130103
68 376 98 0.5346965063527412
134 186 92 0.8400797428546456
122 101 32 0.31893757613332796
183 100 39 0.2466917428047921
38 336 101 0.6685041233719005
130 57 32 0.2839065983903304
35 99 65 0.21059041795584454
103 269 107 0.07044412180348458
8 309 53 0.4461944468968907
174 215 90 0.33456849698195923
32 102 95 0.28986415056777015
123 382 96 0.4450026064073527
30 46 28 0.2520423655669508
168 198 58 0.649114819544122
185 54 46 0.031664161908885435
77 317 88 0.6228628191173796
79 141 106 0.0793276330031073
55 102 71 0.18996170765018283
192 246 49 0.844336086324462
25 174 74 0.7869821607341277
50 324 90 0.86730184863645
44 34 101 0.3985980035405631
