104 267 52 0.7771073182824898
78 135 50 0.3265977619161803
182 342 79 0.553166811034036
104 318 27 0.4898093163902736
145 300 32 0.398537073966195
78 249 32 0.5902501724459385
175 83 107 0.6850102382575507
134 138 55 0.5381596438794088
65 51 70 0.7197656244459408
68 67 65 0.07430569716017443
190 378 66 0.16850776499813813
102 235 36 0.9096510155036632
48 184 47 0.3024290013496207
89 328 41 0.8392862211640758
195 233 41 0.26301355169972507
82 332 109 0.6588087067584228
92 99 72 0.36254311562801844
162 95 94 0.29806956875948487
88 57 80 0.46570638722410074
17 348 98 0.03588804569129478
169 146 102 0.5839237471147096
77 392 41 0.5189441504013749
22 16 44 0.766189362206067
177 370 27 0.2395439632419648
34 54 31 0.3358870685385874
28 357 94 0.8895199486193152
114 62 38 0.5811678828112449
144 32 106 0.7314159609280156
169 33 71 0.09229892980021681
5 121 50 0.9396299750425298
