152 189 22 0.2551520031312591
96 217 107 0.9069445150365328
97 188 92 0.6873011608176679
102 286 95 0.46884243794146574
48 22 104 0.8718989924015395
59 384 104 0.028004032030514048
59 317 99 0.13592661543927287
122 171 85 0.30594668094326005
160 48 43 0.6808050476632754
44 90 28 0.7041297652088256
31 135 59 0.38342882712492454
1 153 42 0.799734259656624
137 176 29 0.9334639829297265
38 96 86 0.46143862842214445
53 3 74 0.3110319233664006
10 364 76 0.276056267969227
50 206 29 0.47503457582307596
66 57 36 0.5662993484554885
196 242 78 0.5577962324520142
174 220 89 0.48472575707752985
172 392 89 0.904373317466169
197 81 21 0.6606823153447782
79 90 67 0.6207665101650894
118 1 26 0.7650027351357214
121 170 46 0.9019047501129683
47 96 82 0.771949954032416
129 274 50 0.021257792979779033
72 179 34 0.44878429025609334
16 333 30 0.5003576628917293
79 76 56 0.4610926032556282
165 169 47 0.06019766777772184
82 130 35 0.34702290391943325
55 343 33 0.9367279820790565
