113 61 104 0.7206404282185975
81 367 74 0.7771384342071366
196 155 35 0.32217934649066604
198 395 29 0.6713742713977007
86 81 86 0.7599430268996854
169 54 71 0.7012792366292209
56 332 62 0.32927483568392
153 129 79 0.2823207285047482
117 6 88 0.02716227555100892
123 287 46 0.9824128212779024
149 329 59 0.05944507596451798
36 372 26 0.13234737058294332
4 181 80 0.16280754324298097
147 171 76 0.607998656476542
96 297 104 0.6213653433044568
187 20 38 0.44504814094795564
32 310 21 0.33510442609995017
110 358 56 0.560693705989125
106 214 41 0.7554743958738539
87 262 49 0.3401754807650944
65 87 28 0.9357030735883269
137 283 73 0.5851363520024029
76 376 85 0.9756257761364723
155 54 55 0.04833920998667529
186 86 39 0.22483158595843689
0 20 43 0.32859000054904053
180 225 34 0.5780546465701024
