8 308 105 0.5684075858803657
95 372 104 0.23576583278934593
100 37 74 0.559142868987419
6 106 47 0.6897462561647952
20 399 77 0.08125429351653635
82 9 104 0.2869796783020224
14 14 58 0.5849387856700905
15 220 98 0.5977714966443136
157 373 49 0.49494825332867276
42 262 75 0.2733203267010593
159 153 82 0.19097062261773223
177 173 105 0.40440191234304335
188 111 96 0.2968600274188091
66 320 83 0.45868843142375615
39 173 51 0.23465337705037526
14 340 105 0.42593248989189925
198 291 51 0.20147840366328507
134 240 99 0.059261155885849015
180 212 30 0.8985465489166495
176 386 64 0.5014838705149429
138 124 39 0.08286841360767871
99 197 68 0.38894430292613424
150 99 107 0.71181451382349
65 335 45 0.8781279634943999
95 265 23 0.4500401745686531
85 243 104 0.3234649323391303
49 376 36 0.2374033302174392
6 94 61 0.07675646636387679
45 2 108 0.02022576192618608
21 100 30 0.8663066447859031
177 291 78 0.6913192328705867
103 75 85 0.4553446738152189
88 263 47 0.8677963164727792
