112 397 26 0.7098697267686626
0 158 47 0.5299287031446046
89 382 85 0.2903373165451496
162 212 56 0.10764459366804735
146 392 43 0.40411938567048555
26 261 47 0.659918524572317
168 34 26 0.19738190930555688
94 370 103 0.8276756559180517
77 75 57 0.5299243869094887
24 179 51 0.4984001864150427
108 48 28 0.9368330668927332
26 160 76 0.10425482077098225
41 132 36 0.5464427310018128
112 319 99 0.5775239101806803
35 250 104 0.7881584616088277
12 98 89 0.329765331467477
159 400 43 0.3711085294018348
43 375 95 0.6332159517002106
152 356 64 0.09418498678625253
142 212 50 0.36801025363919804
172 179 21 0.03272604262045087
174 332 57 0.0020794884108915612
70 316 80 0.08230915280197026
98 260 82 0.7430702571183234
158 109 106 0.8699823916809626
17 120 24 0.39795685782539303
25 318 31 0.1270165051361457
