44 347 73 0.6750302543728053
180 236 54 0.7772340381772024
93 177 100 0.4725587146678405
171 117 57 0.7366392557649447
152 177 33 0.9509930273571289
150 124 88 0.995288648908598
54 163 64 0.741354163399956
131 387 109 0.9256178699860981
49 211 90 0.10723551156052846
13 29 35 0.5660438066384635
64 311 64 0.915398794996694
22 235 31 0.18193940472246106
113 236 80 0.22066301524834397
190 193 103 0.809723649271199
7 250 25 0.3092346695259012
63 296 35 0.5798827814698585
99 235 41 0.4312131015235716
200 341 24 0.7866665809543734
30 48 101 0.6671416226357488
103 361 70 0.3908373683273818
192 172 80 0.8008672266695603
132 41 80 0.6057092901432636
105 195 25 0.17150189897668489
108 44 36 0.12312333584085322
69 60 24 0.877627820384165
146 118 44 0.9182676897406156
