176 25 69 0.19978692174323298
25 55 71 0.8806425506300924
17 128 33 0.39000085457959066
14 79 53 0.1594779992693176
23 97 105 0.5437335206438312
118 247 41 0.8378702831222079
199 371 25 0.4312895879052753
186 235 46 0.1400935147125313
154 308 39 0.36499077511362343
31 252 56 0.5325510886551983
155 82 73 0.12102499624021579
19 274 78 0.6045887840257362
185 364 94 0.5843541626906122
99 72 104 0.47653582530904437
124 381 26 0.664798936258117
25 165 74 0.9179435293726665
188 262 76 0.8351484595142569
32 103 47 0.45808463646108666
74 215 98 0.6272174204518198
133 236 86 0.2075986047234396
81 33 74 0.41150376767470365
153 335 33 0.27908566219801
171 143 74 0.13605141885916705
38 38 106 0.7544379240181708
101 158 35 0.7854759356198561
100 386 101 0.9085496520574811
148 302 38 0.5121484186975175
40 226 66 0.27514697400178034
0 333 59 0.5763123665589751
105 335 98 0.6464975578639763
27 280 51 0.5985932774250882
107 266 70 0.2608775173462943
31 126 31 0.4517486699646718
174 258 82 0.8811770833524206
57 323 55 0.03481875717331795
42 259 86 0.524732057572226
