107 253 65 0.5535771986644231
98 213 80 0.029795814628281847
192 303 68 0.22764078695547085
12 374 22 0.6779625116445165
132 113 78 0.7832949221803804
96 281 77 0.772720869297075
6 223 58 0.4488585769496769
58 111 69 0.7144756223278165
190 341 41 0.006471137416344086
163 30 88 0.043596318055697525
119 391 77 0.006748395830686649
91 389 75 0.7281473158078584
38 112 103 0.8995404920167116
109 362 39 0.6841524079708995
85 71 22 0.3161136501078019
103 93 42 0.6101586745086566
141 198 22 0.8689140480037082
33 291 96 0.5705117579950516
60 195 86 0.04179583593985814
120 130 90 0.5665537306944883
74 230 54 0.9342167983675839
67 144 70 0.8639991681940369
196 236 22 0.30217159452383047
62 285 83 0.1461722508697617
136 352 90 0.7842026441542336
