45 73 88 0.9472940694974604
103 149 43 0.44380979254441244
6 20 79 0.42435793994911286
170 383 51 0.15666130311256676
157 28 77 0.9501898894896602
52 23 69 0.8250781942669921
114 89 73 0.5713236693050493
66 29 95 0.016098936578739398
108 226 52 0.9568742316261879
166 369 87 0.7349470688137761
110 62 99 0.82928795831966
95 208 79 0.9778334644188159
164 43 86 0.7128902321344559
110 61 96 0.26135761687997994
177 363 90 0.8519263097823024
182 399 86 0.574994053943144
99 389 64 0.6289192927776679
135 360 26 0.421109103572608
7 3 40 0.31204692111144927
52 213 72 0.5173187630714176
51 220 76 0.9960183074878056
