178 110 91 0.3157811159908003
101 220 40 0.9619806737281739
162 380 100 0.09132481360152578
148 75 63 0.32653946848497917
22 226 55 0.4482896655927633
157 318 99 0.7343691388116246
47 33 48 0.6180425331496787
82 393 46 0.12599133993366807
145 201 52 0.5495125709473391
68 117 50 0.1871708570974946
182 20 106 0.6791622580527803
67 390 23 0.48588946117941156
136 257 47 0.039151204503753645
159 360 108 0.3327172917682051
194 201 33 0.8658273507073411
158 277 43 0.1910297963851343
168 1 24 0.8079114446982886
20 120 69 0.46718713984847227
177 392 38 0.09614178636066284
36 98 74 0.5111922266766864
101 232 26 0.6166728109963326
149 101 60 0.9203566421176077
163 227 61 0.7258808045463777
110 292 63 0.2932623203693592
171 276 34 0.9432662168733428
180 29 54 0.00422139914974895
149 71 31 0.5124717249563088
