31 61 72 0.7218644765153848
185 231 24 0.07479325572940665
23 16 87 0.45720856912927055
95 272 73 0.4386089397785321
137 154 55 0.3056686539439516
140 111 89 0.5989689040528376
8 137 33 0.23415241647734308
166 139 89 0.455761768316706
25 217 66 0.7360910349190692
89 20 31 0.03250458857534477
22 152 99 0.9584782712463801
131 358 58 0.9016353139090904
114 84 65 0.8406055160949256
158 297 96 0.9585359452443848
71 400 38 0.854143614302558
141 17 99 0.6098206168807506
200 50 29 0.8457562080887452
29 183 35 0.8774650635887157
12 296 43 0.42593088583883687
173 197 34 0.4742723971813635
9 145 50 0.8616831043352411
94 255 51 0.012350735163074278
63 161 97 0.808371347856552
31 360 36 0.417371830531318
169 376 36 0.3113326373329992
