102 378 66 0.12212915486734954
52 267 98 0.4553668735550559
114 237 66 0.5643414865521061
182 376 76 0.0469881640148504
136 400 66 0.07195411928620066
100 91 51 0.30795463753577323
78 186 76 0.5232407614843233
185 125 85 0.038923913914982844
42 292 33 0.7647071709869374
58 193 22 0.5404063019059719
184 397 22 0.3992236010206409
86 312 105 0.20520463680742762
62 151 57 0.8769930247452825
186 114 53 0.5957530410037081
51 248 68 0.28260359507965604
135 301 72 0.3481031328973454
98 342 43 0.3664046421017897
26 48 105 0.6161797040392455
117 381 100 0.47878630624077945
66 184 55 0.43824239177865554
35 175 25 0.44355490399391506
161 321 98 0.16961318443460427
98 311 47 0.04365885187782603
149 233 36 0.3198057304334482
80 242 78 0.44906998208979043
