181 132 53 0.6529296358412688
198 139 97 0.6705616937250992
152 9 107 0.9003979984764081
184 315 108 0.7686694600902546
8 326 88 0.541835932543192
2 121 30 0.052805007611900656
107 369 105 0.5902028951979706
199 264 78 0.8910218379774029
69 245 108 0.6267731140450826
153 274 100 0.5561256417018664
68 323 34 0.04882502834601121
176 162 25 0.38085870263312993
77 51 98 0.7038397764654689
145 267 82 0.1552977136479512
146 200 108 0.9935069645201121
148 129 64 0.15374576137268403
169 33 84 0.2515136911444896
128 344 102 0.8400661466730418
33 220 85 0.22390815647177342
121 46 27 0.013890087905695458
82 224 40 0.734104237789113
34 146 68 0.6445363430779806
115 253 33 0.07867388178340995
17 298 36 0.15765517598301027
155 41 95 0.9063859348593868
67 313 85 0.9855032184201176
31 12 39 0.3913120066128728
120 155 75 0.5482335340369582
