1 120 77 0.26926055874840293
128 346 101 0.8700519895300111
27 9 93 0.699393087567572
39 58 67 0.12029583650543207
75 28 35 0.7459264675054949
91 16 101 0.39461452676414877
199 398 95 0.7749129278714669
10 279 92 0.7273577238746178
154 338 21 0.06921593709328588
143 96 25 0.7509485125377044
72 315 103 0.7503103383107559
30 101 49 0.33919630091137265
18 216 40 0.39169853342779704
129 28 69 0.2676165464505289
17 311 39 0.9716135489455682
181 269 108 0.7602381512591991
182 22 106 0.05446794579073366
14 55 107 0.10734385009931102
