69 389 39 0.49963601026878157
169 385 23 0.18993249306587523
80 369 105 0.09586917802222761
181 281 40 0.4792536492970364
12 13 93 0.5237424662228461
8 50 24 0.9920634908944367
132 129 26 0.531269551983842
170 325 25 0.906792619003428
14 374 86 0.8045902835205845
132 230 76 0.19011926288125713
17 251 81 0.31210733691161197
176 386 31 0.6833666202841909
157 388 97 0.19442184960376396
157 272 41 0.590039392496262
59 22 80 0.2528807504972048
89 70 37 0.8973832608705284
39 42 62 0.768741815901462
106 219 108 0.5487342955066737
130 302 58 0.03636603744643718
153 135 69 0.7290691209000889
44 204 23 0.7305406252309492
7 343 58 0.4916430869548448
