185 227 85 0.6257280766948434
120 87 25 0.05521773855036505
22 70 96 0.1829286652737837
113 282 104 0.9055921675745758
67 315 38 0.38574708585056783
79 189 59 0.13962596923444803
109 316 99 0.8413658938745936
117 70 68 0.05596790393519502
31 370 68 0.5377698391326975
104 224 101 0.4104066948340387
177 293 98 0.03326887906993081
118 285 27 0.33776092667256763
67 251 97 0.8777528097597909
57 186 38 0.751066865548065
149 29 102 0.5607568557171433
69 187 74 0.9047620768536175
70 276 54 0.195270603413372
169 303 58 0.9188060031877602
187 58 26 0.5082375532239307
104 345 27 0.8238909094804109
153 186 83 0.4473020817017421
126 77 86 0.15244277381984306
144 167 50 0.45126176470943946
151 86 26 0.22744721591252748
50 354 51 0.371246132758442
8 40 39 0.18536728202079422
186 346 93 0.6890219718203592
183 15 42 0.48896292208998016
70 132 56 0.11807365497505384
96 338 27 0.6718265235270593
17 162 41 0.00023229177134753698
200 380 37 0.3718745759094938
