32 330 21 0.5446594526521964
22 240 80 0.6086075014338537
65 227 45 0.5812671039500555
63 251 66 0.15946683410688267
31 369 35 0.746910132066651
179 318 86 0.5377756713512355
191 216 23 0.5137200583842084
76 197 40 0.3086620683968847
65 250 63 0.7213661166009686
152 144 38 0.8279981414318583
73 43 27 0.2713916838724678
40 249 65 0.3707927748200921
26 376 37 0.8942894296949442
61 271 39 0.2034781562434217
147 190 47 0.8434449719113666
63 64 90 0.024598453648621676
31 78 54 0.0455333208117874
95 252 73 0.4248273851932318
182 112 44 0.5795216537383202
43 363 67 0.1585007832191102
