64 321 92 0.4270995754153478
186 81 69 0.7377930431356878
123 99 25 0.6459656662141994
153 366 97 0.5546940052907892
3 106 59 0.2958990214396011
161 253 48 0.9299730181588868
57 313 72 0.34266431006013065
15 146 89 0.8643547755268345
85 53 92 0.37359724673200767
157 86 74 0.1359068939514737
182 375 100 0.3435038056822868
31 133 92 0.7811590040574065
21 169 36 0.028683242432199774
85 95 94 0.1873243459244437
192 245 41 0.18627810734170935
168 139 48 0.4040574534835616
101 22 22 0.3924854511187892
124 323 74 0.5820540903246315
21 338 24 0.7145544689645693
6 212 41 0.1943582827642366
66 17 23 0.37370313568287794
197 246 95 0.8142453783680735
181 166 44 0.48492477816648183
162 242 43 0.7013061906639094
88 137 64 0.6053219656816055
57 280 89 0.5896761868422894
8 201 33 0.11712514230301396
4 107 69 0.46666910213084944
