84 250 31 0.6163860758131512
112 62 93 0.6586930635010667
119 61 95 0.3365399968251538
106 349 83 0.14303868753992188
167 388 98 0.9055633587620175
63 382 21 0.10203790234520271
60 366 34 0.3229454703831638
165 221 41 0.22499092890626837
103 340 50 0.2325966699895713
134 163 74 0.2650533847096609
148 12 44 0.43187945168370667
116 234 32 0.8291507964653853
48 180 48 0.9246324147498662
110 201 58 0.1970894088524342
98 315 46 0.5878156719045471
161 339 77 0.8859860436018805
28 44 42 0.8846503694199175
23 357 91 0.5820155149338732
36 132 99 0.6932137441443565
91 269 85 0.551177904661804
80 290 48 0.8926327655347881
199 171 91 0.10939935528301581
33 123 77 0.27572862516203633
84 36 72 0.9095092559440993
189 382 102 0.7161300537825142
42 341 62 0.5296554385663407
183 221 75 0.49762437953867056
46 285 41 0.07419525841521157
60 194 22 0.6769149061808856
15 392 63 0.6343320840001226
86 161 96 0.4189127027596312
