125 114 89 0.41317217905418613
81 336 82 0.5392276660489125
185 354 40 0.41829237690430887
143 294 24 0.5143951879475949
37 54 90 0.885216741327649
36 164 61 0.6049505850075781
180 43 79 0.21573990008502908
163 288 25 0.5216809983187672
139 193 108 0.03500550254142554
166 139 79 0.5579698388557668
95 66 75 0.9894401968990365
175 379 45 0.25915413565348244
123 300 80 0.05199622812493565
157 355 27 0.9271498389812908
119 208 103 0.7056299888387384
135 380 38 0.6974824610288475
107 127 88 0.8052664001165502
154 40 99 0.1694910725784603
110 176 47 0.18864396897871538
139 190 105 0.3170677370868825
90 17 27 0.7271192307228203
154 325 40 0.7888022735761407
8 36 74 0.3603028758778293
121 168 101 0.8687848761848393
47 230 94 0.8040183843566806
183 165 93 0.6538265660575036
36 312 40 0.6844669948731534
81 40 40 0.4465191526924377
88 263 26 0.22800091536917544
163 163 70 0.6600784875020735
75 156 88 0.5770100740962884
64 249 23 0.5951437748278628
