111 306 74 0.016395931803726338
86 356 28 0.8225295239416069
62 386 84 0.5457438423126828
71 346 103 0.944517999290193
109 66 46 0.6128443216550539
83 339 93 0.03340065944283588
46 317 106 0.5388203313192953
95 371 58 0.8621146278289245
31 68 34 0.785231099651646
136 272 53 0.4529181286154814
70 122 99 0.7261233272842456
153 280 28 0.9631813812963018
198 12 77 0.8537170331494193
14 311 39 0.23751181943316357
71 97 61 0.15992964322057734
95 309 59 0.2919718463871023
46 363 32 0.19983751692261753
184 40 22 0.6795703820962556
125 345 76 0.968452162803237
20 37 43 0.812409512726068
42 72 90 0.7288379175351603
134 79 54 0.11380730404794137
199 155 95 0.6818267706954585
