124 225 92 0.48979848803529336
12 378 26 0.3989304383289979
178 328 102 0.10315936705825113
187 252 31 0.5573656018723739
65 291 103 0.9136505471544133
189 121 74 0.44664345456633936
34 19 97 0.004175413783459203
40 268 47 0.6410433673189927
109 319 52 0.9454876540683883
138 206 38 0.6015106377782423
116 24 64 0.8535584649933571
113 319 68 0.5642602319888711
50 72 61 0.9920711883159605
48 314 95 0.78032442030185
144 274 27 0.9646263661188329
195 154 30 0.20944107514262733
171 252 100 0.9537505426978224
97 223 102 0.3823893310635371
85 350 31 0.7234327828086582
87 234 100 0.5833048974414888
66 217 21 0.1169201475169448
83 372 62 0.32215685826731333
162 85 35 0.11783100860017659
189 217 37 0.5728327374053087
102 81 27 0.128808161287442
171 316 34 0.523352559711351
172 241 86 0.27353527451415494
132 325 88 0.560381868472679
129 73 27 0.48120179468530366
87 306 25 0.1427059409532072
186 297 30 0.5224265866716391
39 265 43 0.012064963031111153
135 180 76 0.521909067644452
150 394 58 0.020447106163450912
92 288 94 0.01549581511978737
81 124 106 0.8884535809441546
