139 394 70 0.6148241465822389
125 349 82 0.5824439508449618
70 311 62 0.363804086179661
185 85 64 0.6129869061965656
2 149 56 0.8552710060371018
77 389 62 0.06573683629301219
162 214 29 0.14458832717194414
93 220 28 0.47248796673704185
89 208 51 0.6413515603357627
0 143 77 0.5139083865837584
73 306 89 0.26358877710192696
196 99 82 0.6521097977067286
31 69 28 0.5047859325866747
163 75 55 0.8714539468737957
198 375 28 0.268476652632754
10 232 100 0.9395913676585038
95 327 58 0.06569650998311138
130 258 29 0.1514549442027172
8 24 95 0.19149732486185056
45 64 47 0.6184903178456206
145 57 88 0.9544507461324999
187 362 61 0.14392223327656128
105 71 58 0.16385747842448284
95 261 63 0.18042139115609257
166 238 66 0.8658773377468176
112 308 107 0.5929984676674618
10 139 88 0.13643337352557605
55 304 61 0.6858475993032557
7 373 80 0.9747573961316709
167 254 48 0.5612518696606891
78 7 44 0.7592036893861625
112 114 79 0.3574470160210138
105 262 43 0.7893592858507641
68 349 77 0.03782833584688439
195 158 42 0.30139168835761854
18 344 64 0.864585625564388
