118 273 66 0.5281042704492012
5 68 107 0.3905731000474707
85 59 62 0.07740554571964764
3 314 67 0.3546158491583319
155 99 94 0.4760768531626579
142 11 49 0.37121578731796023
34 320 87 0.14105016915912205
124 75 105 0.23173492812520735
136 346 21 0.48366805691653536
166 386 77 0.27042995712926265
133 100 94 0.9335710073173059
118 205 69 0.8557435499816559
129 323 105 0.6648992757616423
196 130 59 0.35384445796408515
169 272 86 0.729000564943558
152 9 31 0.06580207185513187
195 167 76 0.9981717201193355
81 182 35 0.14853373710193463
93 319 38 0.6211918013915667
79 276 45 0.8201817138880094
3 163 30 0.3611351658166827
81 326 62 0.7072804634730278
184 363 81 0.9971919899129319
186 189 68 0.01056978265994224
154 11 64 0.2080179988658335
26 83 73 0.4974444497661037
61 242 53 0.302502707010871
