10 142 33 0.7642659669631242
120 292 92 0.05067680686338949
47 54 27 0.1194168973356795
180 80 68 0.369322288128326
192 348 50 0.17731981431867305
67 100 21 0.43977203338497384
67 101 103 0.3531300010223132
187 37 52 0.7203062977171018
107 47 21 0.36653285615128595
100 391 106 0.24608888230274673
79 389 82 0.03097444060368726
129 161 61 0.026657812767724276
65 370 103 0.6032509040817878
97 315 77 0.3125384158291261
73 359 50 0.021279644044085222
120 181 75 0.3278716555529453
35 281 75 0.4690950792301939
101 77 51 0.02009569787421961
94 322 71 0.9395449629982439
138 385 81 0.9806667815694212
11 31 69 0.6083513188392491
117 55 68 0.23423788874979412
146 302 56 0.9820087056728563
79 157 22 0.7604610435307579
45 167 42 0.6232221771749122
39 226 68 0.29523113397611955
186 210 91 0.9067848817560625
93 288 56 0.18337729300957273
148 223 33 0.6076301348816128
35 336 56 0.8534628261519899
