26 307 54 0.5346247927051654
97 102 103 0.6645645856470686
83 396 36 0.6560935992406035
106 333 80 0.47555589902570805
70 94 96 0.5805490615718781
27 133 32 0.4286515778222013
92 243 26 0.926805062940913
7 275 75 0.773333498872283
113 9 74 0.03245084937372533
83 124 23 0.041905124555671636
78 215 97 0.2871397393309114
15 285 103 0.15909751506823877
88 122 103 0.8918222634600057
50 144 38 0.1051430152866466
27 350 52 0.6053186719329563
8 133 36 0.7711956893692858
71 353 48 0.7391849377992732
186 128 78 0.055264021784595774
71 387 89 0.15977436630719766
60 120 82 0.5871193081694154
18 368 34 0.5197618605964686
134 2 38 0.5334775425875987
111 171 39 0.9842758497446463
19 70 71 0.7101574192494366
7 161 89 0.5543047313236571
47 164 85 0.2948305323353714
71 265 39 0.6904190283135123
164 83 46 0.9882678727478462
73 170 80 0.07712789091353445
