194 202 102 0.6601685734417923
159 209 28 0.245902158261041
66 346 72 0.4702843423140428
75 42 104 0.48623281094785764
95 97 38 0.9634887974974997
112 17 75 0.8896982772527784
176 72 63 0.27295764219529584
138 193 89 0.6957241872768467
46 115 60 0.48636202915298865
99 74 30 0.8904369600064211
128 376 91 0.10821588747875643
161 371 80 0.004818200008064766
3 247 35 0.21876214407304084
118 325 83 0.09260024356547503
142 365 50 0.624938361831641
118 158 82 0.7378621062783104
101 248 36 0.7373154080279789
163 251 34 0.8168887521906932
2 299 61 0.06550745587559648
16 305 102 0.61694317654252
46 125 60 0.80656827991877
4 395 79 0.41287477200151856
128 58 62 0.22264855716908627
