172 119 105 0.5255605490093235
9 185 91 0.9635194853887513
75 43 97 0.5896875881439541
8 372 24 0.7383514059148591
37 32 62 0.9251242649260203
15 201 92 0.24202743937277027
155 121 78 0.10255416650667215
129 303 54 0.3609126391799834
190 397 24 0.1815317600539691
187 395 28 0.3433196409279784
101 246 109 0.44508057798783274
136 378 81 0.31866285523539417
87 323 65 0.8441159556911414
166 278 72 0.8184433099561887
180 345 73 0.4704377138927571
172 223 29 0.7171510762758021
107 248 32 0.5375935183835271
150 200 57 0.04682519495274218
100 148 71 0.2607266989629411
193 50 47 0.031775561887548376
114 42 27 0.12566038946421476
116 85 101 0.12935267843975862
187 189 39 0.8611755844829246
171 383 45 0.9812552218981601
22 228 81 0.977547919362074
42 311 89 0.5223385509900751
