14 79 104 0.986838061524457
114 267 104 0.8411452365387335
11 170 60 0.3975435382413909
22 61 93 0.8071263109097025
87 107 77 0.24669356177529056
156 378 42 0.4409647809212547
104 332 100 0.49474455596966194
128 303 62 0.9942015028947224
30 253 40 0.09280583458482938
193 345 104 0.625432056014793
129 389 74 0.49750496802417676
44 271 21 0.5562567709036121
189 348 85 0.08101380823822801
16 240 61 0.886623196410086
193 345 79 0.7124009404189682
123 314 95 0.655125572582882
26 38 79 0.40838178903964206
177 329 78 0.32805579422291964
199 394 53 0.7593557218037261
68 277 100 0.022890803018420725
34 104 82 0.45504580406203143
56 336 63 0.969616200217488
46 91 43 0.6504756644401245
106 370 105 0.4577568001920551
161 94 93 0.9448997774164969
107 325 33 0.5794544781917678
137 16 25 0.21991378336959277
145 38 65 0.19558728575990847
32 85 101 0.12389235949382904
108 305 103 0.24330931614360696
87 188 28 0.7319493527160396
24 70 99 0.8266242252220954
129 262 55 0.8063092783929726
124 250 107 0.16093105318756296
