58 354 74 0.5858390051183875
118 307 23 0.8327001997600715
161 231 56 0.047129371016846555
97 49 68 0.7248126894188565
191 63 37 0.633144840283506
45 34 95 0.32872259905450407
190 2 94 0.48999222885127613
94 32 72 0.5450004205426758
3 72 102 0.6835383023481666
49 169 80 0.6269509944658979
63 138 92 0.7821324760282093
183 71 81 0.30478536653891064
54 142 31 0.20865537821699331
145 11 87 0.03385363197337987
60 98 36 0.23929370329748334
109 82 48 0.11558146727762819
23 387 72 0.8382945336420745
74 354 59 0.85905129019567
61 391 95 0.6113418409743167
38 98 106 0.9115340985704141
0 378 60 0.36787489463317924
91 47 98 0.4703448875737024
114 45 99 0.7651443403016712
11 360 52 0.6724632432384927
127 324 84 0.636941264428169
172 142 92 0.24160218731396432
169 344 68 0.6304689461325464
165 34 22 0.8073959240932755
200 257 53 0.6312173701291662
