140 346 31 0.8547352949521614
103 335 76 0.8096469392393061
126 160 22 0.5008205685669462
86 102 36 0.08770631031499876
108 285 70 0.5410826898532115
40 56 50 0.5820035540524483
7 195 104 0.10551677480114252
71 15 85 0.5666681977896262
18 319 54 0.1390897071977154
117 272 37 0.3096550780457059
143 305 23 0.665478141978914
44 56 70 0.3020389651394757
115 319 31 0.3195425697227887
97 378 42 0.5088833269905628
77 299 57 0.5895306710874343
63 75 33 0.7618071022553154
43 6 63 0.7864423241618745
139 89 26 0.48524665100879305
200 259 68 0.796308613338708
183 56 37 0.9973117858646243
86 396 57 0.965838983141201
110 165 70 0.21104319106736602
183 169 45 0.3703342770662561
165 256 56 0.731440118965724
109 64 83 0.8045908455730171
92 339 48 0.9658239490072729
155 28 102 0.7168526739920051
34 272 94 0.26159936713929133
146 214 54 0.5082816360437018
143 106 45 0.22385175661841783
144 288 81 0.5827640930486879
147 69 93 0.3549019359553125
9 72 82 0.8817159719913511
183 112 53 0.12592980463997683
10 326 44 0.70282559079892
