102 107 21 0.6945394005453581
104 255 23 0.5157068287698754
20 278 98 0.20174124403920135
153 224 69 0.5206328989435733
23 389 96 0.8186966196160457
142 348 23 0.3845978569122174
128 379 43 0.29492631161057303
20 303 47 0.7288054146956815
81 33 82 0.2256882388550473
191 306 44 0.9746572346201355
146 331 30 0.9131869957365293
152 82 31 0.9034383209092866
46 243 26 0.45118334646401503
87 81 93 0.08185035183994605
10 382 47 0.28080075368178825
88 252 83 0.3732637368121525
113 330 78 0.3796693115398926
