154 326 83 0.8957992742838058
86 392 33 0.16983828330522344
54 316 77 0.7607368899646206
101 220 99 0.2438746689442166
109 188 31 0.0938039268039137
10 267 61 0.2366873103487398
189 281 91 0.13714684670901378
145 293 96 0.8658497276864358
38 299 81 0.28903660902882966
181 64 78 0.9772197651699481
133 374 51 0.5327326236745085
98 124 45 0.6077669587890754
54 41 67 0.6938597931230405
64 366 91 0.03653877052970367
159 236 102 0.5051627971608774
138 163 28 0.4701992670123759
64 149 30 0.17738628647736576
145 38 32 0.6246390470475862
195 218 97 0.6615814766062807
148 388 109 0.8741524007312688
200 326 38 0.5390390858943434
136 360 62 0.6718103821064899
21 177 84 0.7836356044043173
79 162 107 0.23706012350657846
53 352 99 0.6418291987573987
78 192 91 0.28605944205712663
20 164 50 0.30469995893119706
180 153 70 0.2942978502195782
58 150 73 0.10895695303250652
18 280 43 0.24844921555872201
58 142 68 0.22322744975228537
11 308 84 0.9281479739774643
60 193 31 0.20753928646593955
143 288 90 0.5172464007107516
73 386 95 0.07555328586911703
22 74 93 0.3831399518380352
119 177 36 0.2738788673055089
