131 348 39 0.9513331506898046
15 157 96 0.47153960110543747
195 110 82 0.43031966855172477
28 26 88 0.8255002307975361
3 30 32 0.7314344251300032
181 231 57 0.5982321684792934
3 206 54 0.16621316000325248
92 195 37 0.5133762816992493
15 82 101 0.5886810961532325
146 307 97 0.6657778631839497
58 353 105 0.43602512897175216
60 316 25 0.38278447131421633
165 46 36 0.11342822618211179
192 388 107 0.7497109940520968
162 347 57 0.8670024380780236
67 327 34 0.5069209856997181
54 25 106 0.7498534477606595
185 187 75 0.46344629582908037
34 197 21 0.062080824752308805
192 215 103 0.9830923395158174
5 307 97 0.2972038554807489
49 283 22 0.7245489381763092
179 400 57 0.7162617907616241
158 318 103 0.6615934655269654
114 227 59 0.545400886548825
142 107 50 0.43820793635921806
3 89 25 0.5824896699916239
104 112 67 0.7944700426905913
59 67 57 0.8599269835904464
21 353 75 0.543909965168007
137 221 82 0.7083029374182223
175 15 23 0.48433366926298926
107 233 46 0.5739815297353386
158 259 74 0.9477280574725286
164 159 60 0.13900018808435632
94 90 95 0.014867958872674336
151 19 32 0.2508015115752986
