127 8 81 0.425064262203492
43 121 102 0.6554797758659904
34 303 81 0.04214347785716377
166 223 45 0.04388309418588454
192 295 45 0.205044783012149
69 321 82 0.1709398047642482
106 277 48 0.8715927202362889
21 368 34 0.1622969201343033
150 150 91 0.008155740033233827
52 66 42 0.7788554994692058
26 208 56 0.981779344766042
152 351 102 0.9344540958413512
181 40 73 0.2848403957062132
36 273 94 0.6029334173086296
123 150 76 0.7949749691101642
101 14 88 0.45296482086662015
8 126 97 0.40283967153067324
194 303 77 0.5312387575903175
75 207 56 0.3170555377883274
145 371 57 0.9100749018220067
149 72 41 0.6380155975391366
18 196 47 0.9725158314891483
48 123 83 0.7464952277991286
81 179 76 0.9958879909844707
155 137 96 0.09045905241370844
