41 339 98 0.5863907073461162
0 63 90 0.9646969625779838
148 139 70 0.5361338803815963
82 259 78 0.1088672695099896
53 221 70 0.8116432312309348
139 322 73 0.4192990734207023
102 329 42 0.8217384260141066
160 91 90 0.9855860255160405
162 149 33 0.11403296925126705
188 350 40 0.23375744459723224
18 233 100 0.369060017417824
55 149 67 0.6811142509411892
169 329 27 0.9688349641766969
78 170 71 0.8995319761403492
89 37 84 0.6602390364645413
2 345 107 0.207664714314036
72 42 73 0.3234220784653469
193 229 43 0.810349418586593
63 245 51 0.8889427223451299
122 330 27 0.5061506936435097
45 360 92 0.43505517131926275
22 76 41 0.5893647065513353
51 232 81 0.0975686517401505
38 204 102 0.09403779464286144
83 311 75 0.5441595774199528
39 74 86 0.7350355252299026
81 256 42 0.01556365921496794
