6 63 102 0.23161636502028704
55 210 53 0.10523358670323202
106 186 88 0.23796195361778982
96 362 82 0.5585228215306113
149 339 71 0.08806164567517671
42 294 56 0.24781374957068636
197 110 92 0.2521629061181818
92 333 61 0.5070193060526118
12 157 67 0.029913156302458832
189 244 59 0.5019038789514453
190 293 37 0.2796061584322199
1 246 27 0.16645177961513669
51 371 22 0.14473667805898638
26 23 35 0.7640256455287637
108 96 48 0.9298707141313372
74 238 93 0.17259684110937557
10 299 58 0.6695377920774601
35 317 55 0.7454026683778139
181 392 31 0.895510810451665
118 398 60 0.004644333035113357
143 197 86 0.8839142237021674
156 66 107 0.030739666123472786
45 303 34 0.006675973110233269
111 279 105 0.3861698064957193
163 102 52 0.9500244082087217
93 108 49 0.15521889877482176
176 140 35 0.6707947186150112
8 8 73 0.7280018125547575
200 180 43 0.6623449929961404
