64 36 106 0.8004715149838855
112 135 49 0.30774675369098214
16 261 56 0.79626256769372
142 390 30 0.7552358182202721
152 352 34 0.6406876039779565
112 113 29 0.11095343081934383
132 40 101 0.8274974620866745
102 338 52 0.41730495797352085
140 18 41 0.7031451023738052
50 357 66 0.18939177042103805
24 119 69 0.9472808350340537
115 172 24 0.6590135710815476
160 152 79 0.5355117459276117
1 13 74 0.7733840433338895
34 11 74 0.3655659437131288
110 333 57 0.46128160412082386
175 246 68 0.9082777466020859
121 53 64 0.5496262358515757
101 95 30 0.8756436013406226
112 58 97 0.15712226356168502
180 268 91 0.2965652771984295
121 290 105 0.853451140399875
93 302 55 0.14389712206475258
31 238 36 0.9131137903430091
189 45 100 0.14781032653660964
3 378 73 0.8194315631995338
42 184 81 0.3779192962556974
51 251 63 0.06858934175206133
52 261 57 0.27428675351140386
191 88 108 0.7902805702830836
200 399 84 0.8486412351600716
65 32 73 0.6001950369710944
