164 364 54 0.28394829226672336
21 188 86 0.2555488415011401
122 259 68 0.574170342154814
54 280 92 0.10063406615320913
44 328 56 0.7015301762660402
172 337 72 0.058797513083310715
70 344 88 0.9964173475693807
108 107 54 0.264340007941791
122 104 42 0.2417464790398135
195 92 100 0.8491682938371675
200 84 56 0.4582274833747243
156 20 41 0.886428029193903
147 300 105 0.7666621279582064
107 241 61 0.5336574231042194
104 24 109 0.9717320459597416
70 355 46 0.4394502028889692
170 209 40 0.6926623474813318
67 301 96 0.5274872627051811
117 291 65 0.37561248857507556
96 285 28 0.6420846162547255
186 140 21 0.34245400651838853
109 61 82 0.1904394992299021
127 107 33 0.4083772762830429
13 267 85 0.27684426403903994
71 74 109 0.6856891113837098
151 292 43 0.1399783337887769
72 73 56 0.02587141263106507
199 149 90 0.8169844730613596
88 134 106 0.18711321599268227
76 3 25 0.8564646634527332
78 174 50 0.04818517142317158
57 109 24 0.35050722463500605
