31 107 78 0.18421872037289677
164 346 39 0.48388193575686667
35 243 29 0.9222962131909378
12 79 24 0.14227294865575058
53 141 63 0.6007030062804973
59 197 66 0.9446243599002581
199 89 38 0.8357982095088139
91 340 21 0.8848966003745887
8 399 24 0.5318094698530585
0 124 108 0.8001917463558423
118 213 102 0.40200690758115165
135 169 56 0.1967429673408161
169 106 83 0.4585590164255273
30 323 93 0.8587953707104565
162 295 89 0.11669984249137
23 221 86 0.08973841157177964
110 367 26 0.7164408185373365
176 23 108 0.11745703441937916
40 302 23 0.9561434691033052
151 380 37 0.43589076144841743
178 116 51 0.4790332191240868
74 321 35 0.2594423486498314
100 56 88 0.19365366168978027
76 37 55 0.24338610693158125
160 246 100 0.4427480377515717
153 55 105 0.2219356472077172
93 335 51 0.6088714424031729
142 152 25 0.6127234478950667
78 272 42 0.05228448862554236
53 100 62 0.29014880786131947
187 56 82 0.9318134302018067
83 266 88 0.636727149603472
