116 252 47 0.5795010561529219
77 253 89 0.6385238070529506
101 147 40 0.6805999370515117
93 110 45 0.9331036474321673
160 371 35 0.16053701403984688
169 4 43 0.4573983620525728
177 336 71 0.7391276497740449
146 139 72 0.673155031782733
123 146 61 0.6088173700237518
99 354 79 0.046151272411509625
53 86 60 0.38542137488523154
171 226 68 0.15470731580243446
43 5 48 0.19875910541904662
184 332 68 0.09978043027268879
84 294 84 0.5284464956132654
92 7 64 0.14171379583380272
4 353 47 0.9778293860601844
158 288 62 0.19738093640898646
138 274 90 0.08840491964844066
9 378 108 0.7080535964210389
104 349 32 0.22489635744803038
5 180 55 0.38220516184796405
192 244 83 0.19987998289452114
111 315 54 0.27917461835878765
167 27 34 0.5597930593795878
107 76 29 0.0029006560704051276
17 292 101 0.881791687200047
142 223 87 0.597056057685383
158 163 23 0.05601410207988655
181 255 81 0.5785055158157414
144 76 35 0.7529784943007235
130 108 27 0.8900761717946355
118 12 105 0.7873728845206117
135 234 80 0.9742759942880336
137 55 37 0.17599270810139267
111 227 93 0.6584828489649563
