96 253 89 0.8343887993706511
198 377 42 0.3617797428984155
180 361 36 0.6632500003683132
171 242 40 0.47479434835277
54 142 28 0.638425939965044
88 200 60 0.3020981469510522
141 389 107 0.8470105739516783
77 287 73 0.14956242025174926
147 127 60 0.22641444466094063
17 186 38 0.41607147196982996
17 198 95 0.08849109951083989
45 87 102 0.4947181655654004
20 399 106 0.22733291397740907
154 399 92 0.06307340556413299
151 383 76 0.22932137157217702
195 15 54 0.7615544215521278
141 140 80 0.469465234094539
57 277 105 0.4527030743854733
154 378 85 0.6865363095461086
56 266 52 0.5774421246327165
20 162 68 0.9794358283436855
68 97 101 0.4650654102598091
77 70 72 0.8861338690898212
165 114 77 0.09235334239199999
120 305 24 0.45346089043242754
1 37 106 0.9702538444167907
127 260 79 0.7789165813635713
49 166 48 0.9845030187831807
93 269 70 0.8590544353961881
