148 250 42 0.23099735252235054
100 186 52 0.19230351973753068
46 110 33 0.03506357620800493
146 343 49 0.3157280490149692
72 52 89 0.7596684951095166
200 106 21 0.5330292781195581
64 62 53 0.762659872795186
22 339 97 0.669581300671883
113 48 73 0.7377949371413097
155 3 88 0.6168784325717616
29 114 82 0.23435002539003857
157 56 54 0.1560680408845434
14 148 108 0.20371340226234813
171 181 64 0.06421291320327915
97 283 23 0.7261262092357796
195 305 55 0.9476391702426974
200 149 88 0.39219570357177647
134 215 81 0.44365081848446974
88 357 63 0.9419214717471093
27 66 48 0.02049180424901642
162 263 22 0.8538860118752324
28 323 27 0.021172729113559385
50 13 102 0.3839786421391197
56 69 41 0.986359329763739
156 223 41 0.7428922762606253
124 256 50 0.840484061056493
94 267 57 0.4496889618613341
121 63 62 0.8867099744647894
59 260 71 0.5383597135868115
189 310 25 0.2908277211076268
187 283 47 0.10848925668590492
168 98 30 0.515235531746049
196 106 47 0.619035650406987
134 187 33 0.7273698402007677
32 234 58 0.0012530573451804417
66 142 109 0.25925321153753766
96 110 37 0.870937769444488
