146 13 80 0.7013401071173287
172 78 58 0.9120554194036427
153 153 57 0.5535990551708272
119 289 59 0.039076749597202975
166 266 62 0.9491604657918922
128 390 96 0.39974093076086514
147 169 22 0.6749963185224005
156 161 86 0.4686624111257366
151 274 49 0.7857157754812346
95 158 27 0.14290623623820242
16 168 25 0.66530784938886
49 220 37 0.6790472413808265
154 84 54 0.8315793480775526
37 24 42 0.3518033820497295
143 150 61 0.7723062450328441
124 121 108 0.5304973367642489
173 286 106 0.8305699257242266
163 363 99 0.47879868949258286
35 201 50 0.16817763214611092
167 304 92 0.7335486409787038
121 370 40 0.6714143977717582
175 242 97 0.9949903455233824
87 89 24 0.5283437073600522
120 201 46 0.7719751177745903
131 31 80 0.44442920891439663
97 206 43 0.9919406190197021
