124 49 103 0.6013070212413756
43 151 78 0.819898756865356
14 171 68 0.45999319224090673
177 296 47 0.597591428382773
175 373 89 0.7351885604098201
51 339 39 0.7562504898906157
159 130 90 0.5109190878376244
195 286 109 0.9273358773488353
116 37 66 0.7919807665883896
160 74 57 0.8655711180919229
184 377 36 0.7073874519127801
36 236 83 0.4413153281453085
21 296 31 0.24508253003090696
114 230 31 0.2446116244051919
91 257 76 0.31758246763519304
77 110 99 0.5614844430989773
95 138 33 0.4874686919423148
36 47 39 0.001998604294662032
26 144 43 0.8057924463960813
43 44 32 0.7290417849237723
103 64 96 0.8828992958752848
156 215 72 0.6887760024255887
29 267 84 0.7071892461411468
48 256 88 0.7518567438813935
153 295 66 0.45512141420550023
157 270 36 0.7385573155753911
135 101 24 0.5519125307495258
81 366 94 0.6815183701812992
66 338 73 0.09596500346687498
183 242 85 0.9334116603580878
71 207 55 0.644033327475456
178 130 71 0.055620634761877286
188 213 30 0.4562783022445036
8 109 41 0.9608977156704439
38 101 31 0.29896032372193293
48 61 42 0.26623468618183976
