28 125 52 0.7091663941170984
66 272 39 0.0824509812129044
197 29 107 0.026261370373855453
125 1 28 0.16294078461253836
126 101 42 0.6800196414483723
59 74 70 0.8228748365347391
174 171 28 0.2086502923465663
74 102 98 0.6553984901571629
70 371 27 0.579638346974064
83 230 31 0.6294254608712738
81 46 95 0.30341609644912815
34 255 95 0.6091038134767135
77 314 45 0.591186333145858
77 34 54 0.7568289105186679
43 374 78 0.8971276982870104
130 272 41 0.9156854088162872
47 212 94 0.45288363480014693
39 391 28 0.3913713582362278
42 12 44 0.052760525443686146
71 254 39 0.235853401495008
195 30 42 0.7783009585629509
25 313 82 0.8565322989405557
21 362 69 0.5843464737242646
145 324 49 0.30296044307423187
104 249 27 0.8456696153559162
84 265 41 0.08486949649834974
90 382 64 0.9771517940637134
17 316 95 0.38403257728918094
