128 34 85 0.32034182688757373
153 196 75 0.7843182419788637
43 108 52 0.03312289113306788
135 243 54 0.19434017282329652
92 167 39 0.6726968260679428
123 6 109 0.2840797427899845
163 42 41 0.3577137907149104
169 273 35 0.2067955892129849
130 376 108 0.7705287184124279
178 261 100 0.20129369060128854
42 25 43 0.8498731516364726
143 97 32 0.9683871385035933
109 137 97 0.637022129184263
61 69 24 0.6971163808738671
97 52 109 0.9193412175248714
22 23 64 0.14312268663736472
117 247 61 0.8434787647761375
69 87 37 0.5444325672937814
159 192 106 0.2055664320200543
73 235 33 0.6449586127742636
98 19 54 0.38824871280686124
14 197 62 0.9578847664292259
158 181 48 0.5715533024617256
13 154 73 0.12442740035356803
14 32 64 0.598779475080236
22 397 76 0.27267248009836265
