135 392 56 0.15615573654782633
122 232 106 0.26956528537142055
31 317 34 0.8658305637176756
106 17 93 0.38907007487375855
189 152 90 0.17655770718168695
114 126 29 0.5247198509109103
147 53 21 0.05187629776656255
125 65 25 0.37705933574868544
37 177 41 0.7528161259570391
15 53 102 0.8637204135449638
59 374 66 0.5362065863641654
21 308 106 0.777737596236131
90 214 29 0.81713731797324
163 91 36 0.48087322279329947
87 79 77 0.3863922591634562
75 8 58 0.22433092418839373
138 334 76 0.20506827268427374
49 316 104 0.4045729219865505
129 341 53 0.8759868336167043
140 398 84 0.45118358095735767
190 80 99 0.14948172666256387
22 204 65 0.8951196601862886
54 275 70 0.6045026511726047
100 200 30 0.24441178435812394
74 9 81 0.9264339586398203
33 89 55 0.9959977287112919
