112 205 96 0.8515476385249773
149 192 59 0.8137837789024484
9 325 102 0.935800657174145
193 390 91 0.8896161448564347
130 44 91 0.9301165038366922
154 181 57 0.39678008126383335
69 287 75 0.030572890530895735
118 236 109 0.2829927907038591
185 287 42 0.6798632870219902
3 295 79 0.5072494322020665
130 91 50 0.7057351490648353
14 196 32 0.6358244852408326
88 350 103 0.9234665616606601
105 212 76 0.6786749632781652
45 62 108 0.1069966832011463
112 14 64 0.4360630946563957
49 207 59 0.817835445750162
102 219 43 0.3058195562765892
151 376 44 0.7039279565639018
59 131 51 0.11907677541775685
97 33 80 0.6114602677436394
134 57 42 0.02088327372275789
185 400 24 0.8782858377876958
157 298 42 0.6936144818140015
77 208 48 0.38496679226941266
170 30 46 0.4031854392501353
170 350 100 0.33042313146208147
7 316 77 0.656920562083244
163 66 102 0.6491906694579584
189 337 89 0.9430915077011529
163 40 67 0.5793820954075083
155 205 66 0.9695929127783498
