151 87 92 0.6268215662720472
148 197 96 0.44118958169643596
187 132 59 0.6465146719914221
144 285 41 0.6118907437755884
133 49 78 0.8375883797837989
186 197 68 0.541939722053336
131 123 64 0.1016059422134078
149 90 79 0.2096267715062735
132 204 37 0.5234656506494898
42 19 40 0.1367965124710655
181 52 103 0.009344655969957372
109 126 54 0.02144372040089282
167 43 78 0.05926993529574354
1 45 42 0.352340675419325
48 318 52 0.33487414702467866
60 64 87 0.19537580442386848
46 224 94 0.7658998259850077
34 386 26 0.5943703966300087
59 296 108 0.8725318999952529
9 375 69 0.8773129896153291
127 60 97 0.3470070335652875
40 208 76 0.3054010262360284
20 131 23 0.7852056812506312
41 329 96 0.8643255727035345
119 73 79 0.6023024187724335
162 215 25 0.20072618131763387
45 286 29 0.6330837836345652
110 383 33 0.8933473333297688
79 376 90 0.9706750252817244
