161 311 67 0.3865858916747281
88 160 88 0.07026527460335374
88 220 26 0.2941668666266658
178 260 97 0.6096043795081246
92 264 46 0.7279392779831647
64 289 59 0.8615615660435167
169 225 64 0.9621191040880895
96 292 75 0.8447555939528724
49 294 81 0.22979743369050476
21 36 68 0.7149602440593945
170 319 57 0.14336912705401472
94 135 74 0.9124955624976929
38 108 48 0.3437288100960926
133 270 66 0.4295810725229333
0 231 39 0.21021513787786283
164 43 44 0.4490360027345469
39 204 81 0.8721581529538945
157 97 90 0.7112480400273753
7 360 29 0.9365431630998983
180 169 82 0.12354230589761328
170 66 27 0.4118578906798548
196 149 80 0.6374345359643317
18 309 106 0.7762351819251041
32 243 39 0.4003970650621459
21 274 105 0.3332410447301315
109 250 54 0.2736265576081366
81 344 32 0.014243711045154539
164 122 63 0.7674738537374268
164 141 76 0.8491046893356152
193 214 28 0.6648880529190391
25 102 106 0.5978156343100667
117 397 70 0.7337373238343624
94 235 81 0.10717871712342508
