123 359 35 0.681115962883526
84 301 52 0.009863594827447697
28 140 86 0.13577534122427526
101 103 48 0.1636993406142011
100 200 38 0.50242975751479
99 351 34 0.2192589326180694
43 83 25 0.4444481910610162
125 243 56 0.8679414378374659
101 230 71 0.369083095020839
132 93 93 0.6773696565440978
132 47 42 0.5867305606034833
62 74 25 0.3278414682202144
122 326 103 0.6952455684828395
109 315 47 0.4285344402804314
18 397 31 0.43117127692207813
145 255 106 0.06730799815657651
103 59 37 0.7914890225914352
62 50 61 0.935119012610087
163 167 77 0.3925508082950383
53 78 103 0.275054047349931
49 170 46 0.7228238016705908
176 46 96 0.39179167978156226
119 214 40 0.4416124248626643
59 358 50 0.9366405172804377
177 202 104 0.05115049673851946
132 281 25 0.1676005158842757
81 295 93 0.05007484421460573
32 364 77 0.8301920732494118
87 231 95 0.8750370803134845
