168 332 33 0.3098355709042462
150 3 53 0.37888054465240273
41 59 25 0.3653591154073952
53 39 98 0.38979901147153684
118 175 39 0.415067365025482
144 376 87 0.7151525360189963
188 219 31 0.18621789639594966
84 296 96 0.19260922085090193
43 198 94 0.40134172724516903
155 132 75 0.6366548629247734
62 223 108 0.17808245174668624
49 300 82 0.8310106881655247
88 77 39 0.588433318571162
97 226 52 0.039415683724131734
144 175 57 0.24490061151263298
111 99 105 0.8467974212159037
23 27 77 0.5398211926340013
74 53 37 0.04509441096208555
112 254 45 0.3768244706859295
148 186 32 0.8329318383140742
139 36 70 0.2374969066548177
4 54 35 0.6569744689716044
159 299 103 0.2429713575062561
132 382 75 0.8933859845052802
71 398 47 0.4240677120260372
