29 327 79 0.7028907605506841
39 117 87 0.35287463721227874
37 76 25 0.0910803253267134
108 367 45 0.25553114722900006
10 353 41 0.03476819559938449
12 343 21 0.059567484675118965
139 126 81 0.5715793288345841
188 91 87 0.1988309520974345
83 283 36 0.7428035439903502
124 270 98 0.5791815872751866
142 325 52 0.7025866365225973
31 336 57 0.9211652876372779
186 14 57 0.09497865486077828
16 353 97 0.7385888812844238
199 282 33 0.04900328967373746
152 19 25 0.460277259810565
178 4 36 0.11059386735201127
143 309 90 0.8940847098237524
195 161 54 0.22490165763966885
69 352 38 0.9100063264864718
1 287 101 0.3614283179663301
129 167 86 0.003205862081848032
65 270 104 0.29560650240210595
15 294 104 0.802524887372341
85 43 82 0.18498243396301517
89 355 59 0.782675025735042
126 240 43 0.37696788723822217
51 108 41 0.39151029189121744
139 4 57 0.11876482029056556
103 386 27 0.00023201869700428812
61 222 98 0.5153783379444149
137 96 49 0.3362936641301839
39 310 72 0.857991717160434
80 114 37 0.8162431287062014
113 82 88 0.27824445558600375
136 362 46 0.13938848667368042
117 178 81 0.8308210539358983
143 281 51 0.23498470787379022
117 367 41 0.19651928364500904
165 302 21 0.1724661954703618
