172 210 48 0.9699961584611843
97 84 105 0.15339561890461084
48 355 24 0.43796824717713667
75 338 68 0.9587164212625356
25 327 96 0.8550703884558806
144 167 34 0.9579378987889738
30 9 62 0.16380838135917453
133 183 95 0.9976429636007517
111 147 41 0.7843414565969322
2 82 43 0.8357902542578662
14 349 61 0.0033594059135361176
122 240 61 0.9408259270433967
68 256 45 0.2613596353357296
61 379 43 0.8394968446447084
15 64 105 0.8744346458977467
122 83 103 0.34054030643432975
57 47 81 0.2875285347212929
172 85 89 0.5879381908090717
169 301 45 0.3204273052436931
155 190 38 0.5020818295536159
157 165 37 0.9755939558027674
100 234 69 0.6174101892182359
9 371 76 0.948695228036688
79 198 88 0.8965422988884166
48 229 59 0.5002496672345547
162 388 47 0.6058108256226474
63 65 60 0.5590089510512073
108 146 68 0.7702933825145808
156 63 40 0.671379423857916
193 110 24 0.507525316216281
117 201 45 0.37266032153246764
122 261 50 0.034311983981408556
133 14 26 0.6850310399829441
101 150 40 0.7417594504399667
91 140 91 0.15488927764134242
146 285 55 0.6321129694139233
