87 378 96 0.1460606939145056
42 367 70 0.5664422549292005
10 387 33 0.6748886672449695
42 304 77 0.920864557849419
105 349 25 0.9878511753237771
14 234 96 0.697631235454261
10 386 39 0.35511347721713926
51 166 91 0.6481538200185499
95 122 101 0.9622712975992592
52 151 56 0.15940607013165187
93 142 87 0.7910514590359634
157 269 61 0.7754188098336056
43 346 34 0.9370933169739235
86 268 80 0.32302010452819696
91 283 33 0.41482169776193256
44 380 93 0.11744812052535736
72 231 34 0.2857021219016671
160 373 102 0.25532232612487127
38 267 54 0.9478988262831787
179 134 76 0.5485425084782005
128 308 83 0.061736499185195304
65 46 83 0.9512988995011289
115 178 37 0.7183208787140736
187 369 65 0.23439788271982265
167 353 55 0.22840563836620897
