54 287 84 0.15462206905634257
48 177 37 0.05258447089434359
94 260 99 0.13927264436082565
78 121 33 0.07921929936080452
95 288 99 0.09997547531360262
127 73 97 0.38837676015615674
107 144 86 0.920087124988107
124 327 84 0.7457330478018623
94 282 109 0.6938178059114583
160 246 50 0.35729010092742686
25 384 86 0.016884198629781855
176 362 27 0.16654910862450267
124 111 42 0.15043966323316116
63 318 102 0.5700620171214318
48 195 67 0.7409261660076
89 317 94 0.6188629744174708
148 262 26 0.8329377075007931
143 142 35 0.2590625566573814
183 39 67 0.19866996043341778
56 265 23 0.3083682009567206
7 63 62 0.6754509653653742
119 217 48 0.7296263255540656
101 134 54 0.044368239582170066
66 31 84 0.2870113482921771
194 298 92 0.09852091010441189
132 309 59 0.7653239684122027
174 144 108 0.26309738217584444
169 1 100 0.585585124079127
57 285 90 0.8393016030492758
176 139 98 0.8127275792361605
59 45 38 0.43582546041654424
21 339 59 0.03944917186045771
188 5 60 0.16480055802843896
25 108 47 0.9519707410555562
142 12 61 0.7186582084156572
