164 319 31 0.6871979915901167
7 311 41 0.15906386754150925
23 79 78 0.6271284672536569
194 100 108 0.7404462402886542
128 329 94 0.9689652589910163
117 96 21 0.9046956264392206
71 157 49 0.7025469587428973
150 344 47 0.7047582395782453
166 337 58 0.010296444649325553
99 10 106 0.4193730969835061
111 94 73 0.6539601091875158
161 24 68 0.18347613640278548
128 308 106 0.30090869633956563
123 332 92 0.27088492262216846
84 374 93 0.9840391615323529
121 134 109 0.24428497869044563
138 312 66 0.32191703875905764
17 374 59 0.6492508306318955
6 350 59 0.9679248778599887
130 67 71 0.10433260926136234
1 301 31 0.5862037554833675
18 207 66 0.8268735651756669
122 95 22 0.3913381255316737
144 69 106 0.7577039421506717
130 391 55 0.2753555623730455
86 208 91 0.2689742929611516
18 14 69 0.5356302389629497
115 291 63 0.5413997871444716
183 23 33 0.4407338757331769
181 390 63 0.7919849132256578
21 163 98 0.6627884809189182
180 173 64 0.23269929254359478
26 332 64 0.7792153696158944
76 373 107 0.8649430907893606
154 358 67 0.5954506121909539
58 125 98 0.9987458941301962
1 139 86 0.5045174847480912
138 182 31 0.8198403173276172
80 41 45 0.4812932586217873
150 224 35 0.7262413826655185
34 188 35 0.6688086019041992
180 268 46 0.25626375442417626
165 274 89 0.19983140234759855
