51 324 47 0.628679595382662
144 291 92 0.7137526624892181
117 309 65 0.385708579175301
184 280 25 0.5225606758443653
68 170 36 0.5248149460255986
42 303 36 0.3634047496786159
17 142 48 0.016224058641976735
49 209 103 0.6619649960868895
111 74 93 0.1736552693483635
156 274 92 0.9445733043445356
184 397 45 0.6440692849811591
85 92 22 0.3938569240655091
71 300 60 0.37618258416146766
65 366 30 0.6798139604680898
42 272 84 0.4859248657403973
50 171 25 0.1314074288983772
69 339 90 0.5805078465889814
161 42 108 0.6284798473492015
96 329 47 0.5782485409164428
111 35 59 0.12589461743363883
37 181 26 0.7049675715918919
92 136 52 0.625660241945914
171 361 84 0.23917007567963755
128 59 102 0.1123807465225447
13 321 73 0.3874123451413026
109 386 102 0.9119457062534112
175 162 74 0.15886563392142705
126 291 64 0.7534885304588518
2 106 26 0.7571677714344952
