136 198 93 0.636323357705829
20 324 89 0.4143307918577772
67 257 82 0.7634841605753385
50 139 58 0.812575302442102
147 238 64 0.7825380670801727
31 373 71 0.53246636357904
19 23 63 0.2693532814390298
173 98 49 0.21749557424251298
125 332 46 0.5436922872073008
40 38 34 0.8570202482545236
108 41 53 0.25545157696911847
112 144 63 0.002998223041026926
168 384 61 0.21392893986485884
106 22 40 0.09301792702031486
195 275 56 0.24509847370349325
191 336 77 0.46700075417853837
58 26 41 0.8900656016763784
105 339 71 0.3017890038383664
36 291 55 0.7015657554476844
165 333 67 0.8328913139897894
153 177 39 0.4491496705613861
21 171 34 0.4359266373638968
112 168 47 0.19860095160096336
196 260 25 0.1660614403771954
146 228 43 0.44360781297498153
104 132 26 0.6759578563275449
156 216 51 0.8984637502364478
159 37 27 0.29346799224982545
136 356 47 0.15534524663157012
123 325 97 0.17117987757304787
80 390 90 0.13943457960085326
62 202 89 0.06817785509999774
