133 131 51 0.7946961007996085
96 76 26 0.14926648640357065
99 216 28 0.9412907610374319
193 323 46 0.5175005075195817
146 180 87 0.8010326212161084
40 351 25 0.5127092203468423
169 358 26 0.8136373844573994
8 132 77 0.05629575560501465
179 357 91 0.1358553437350053
110 147 35 0.738855542611244
79 236 85 0.2115021721255329
140 372 96 0.8547939960982169
162 190 108 0.033814515798008205
72 155 48 0.5654575002763411
38 323 26 0.18769288182694477
59 50 91 0.11856033987639414
3 234 86 0.4040415951437919
172 345 100 0.5090213597464014
21 390 98 0.8866808412431979
27 308 99 0.5849968755571894
29 25 99 0.0072041401712190645
84 297 100 0.681581180144228
41 233 88 0.06818983413869972
86 49 26 0.3143104057196343
97 393 71 0.1266964789735906
43 57 40 0.556152277594149
133 243 33 0.6013349055813876
130 284 62 0.028102242845161385
15 132 78 0.8750519544755195
148 301 108 0.6929631470426337
141 224 26 0.2048316477386698
78 281 58 0.21930085752731088
183 107 102 0.6618612196078881
64 399 72 0.28051658281142244
140 46 105 0.7471218134693418
78 184 62 0.1365501673461731
