40 16 82 0.9364229767133232
22 389 70 0.8301236414551668
70 133 33 0.8709655397474101
29 360 50 0.24379953723220382
50 155 47 0.2504830087360077
68 350 87 0.03696936566840214
139 39 76 0.7729150621750642
62 301 39 0.11581331838252662
137 380 107 0.949663332199212
24 130 41 0.8551489300162829
117 276 60 0.041490500249412254
150 282 61 0.15687673732936624
31 297 47 0.16577908252940388
182 248 64 0.2114770913672558
66 318 31 0.3696469147217203
85 25 79 0.14871303520822388
122 304 68 0.8467672436740808
128 381 104 0.8789779675821074
188 248 33 0.4715823826262737
108 329 91 0.23454572721343103
22 213 102 0.7856859502349789
28 149 70 0.5819472588246085
94 307 61 0.8223024048699754
158 252 107 0.8061691367926014
164 344 54 0.2590152075548594
91 1 87 0.9729377489553039
142 102 102 0.8965259915826425
85 97 69 0.7968117551274384
117 214 83 0.1642203293998321
162 254 28 0.4696151288703445
30 268 51 0.4718319583477213
30 232 21 0.9610105218690805
29 8 76 0.3589221165582691
111 315 103 0.9854097326154294
16 284 60 0.2791331094632793
