10 331 109 0.8641775607520202
172 191 31 0.6036537964711387
151 64 83 0.4847067902494687
172 284 50 0.19643274677253875
164 259 24 0.3493082744499215
190 398 42 0.0013518848709224152
134 389 25 0.95876851587281
129 63 32 0.5786434058991705
102 242 77 0.48681751852963606
44 270 57 0.19587651425627717
87 128 98 0.7456598327125922
58 281 88 0.8541862139614136
129 32 67 0.7600051545109187
32 40 30 0.7611674711608264
30 197 39 0.9126250237039921
180 350 39 0.2774456117989603
156 50 107 0.5543415335599309
41 339 42 0.28815515222260923
20 298 22 0.6461196643601272
144 144 103 0.20169416893293157
128 165 103 0.02785665681521987
160 382 67 0.7545605718289857
200 143 45 0.6686192628494901
46 261 58 0.8746751098030952
21 352 28 0.640449913939637
91 360 21 0.7398815972036996
46 240 107 0.604307225360551
163 319 91 0.07648786053440704
164 370 40 0.09000431797015862
76 131 40 0.348536064772493
186 241 59 0.15751865295571532
