140 347 48 0.24539931850256513
67 285 43 0.49051580843010933
126 262 54 0.5295924088093042
18 218 60 0.5159572202534234
28 254 57 0.6404325653015334
67 35 47 0.5819725980799361
119 24 84 0.8684982899759052
169 51 42 0.2573088376959384
140 25 84 0.06715864523454984
90 15 99 0.6948853055336959
47 290 47 0.014553271255178246
115 369 78 0.29949953625856496
35 282 109 0.4992752813491331
29 35 51 0.1940142686361629
183 87 45 0.6106280714820841
47 63 87 0.9281738752816766
98 138 81 0.4841899720627526
151 281 28 0.02755796391115628
155 59 107 0.25662709894434554
77 101 31 0.7005449962340146
123 28 68 0.41432183580269544
35 12 58 0.8681537099980758
115 93 77 0.08086530925113067
77 23 86 0.15588263926918766
125 153 83 0.8666012934891073
3 400 80 0.9725652572517585
7 229 36 0.10836298512989884
155 367 43 0.4564215583437983
147 283 107 0.04843444785506057
152 336 97 0.3510115212029201
124 358 97 0.7551708815414621
85 377 35 0.8158357106194548
133 182 35 0.7375761475820575
131 329 28 0.515175186653783
9 301 96 0.6168714287436765
136 287 62 0.428302572082621
51 22 23 0.5779206687870019
68 249 41 0.8649408209550985
44 101 73 0.25441481290580314
56 324 74 0.9052361493438809
116 318 52 0.16780875433342446
88 81 35 0.9114563460977709
183 19 99 0.8550323660998776
26 122 59 0.7133325278795328
