155 319 75 0.06392118284123693
181 89 95 0.2936094561316981
102 87 22 0.20017281122440322
28 109 26 0.997528516711485
129 2 107 0.39995714543347405
41 22 43 0.31276988316605114
131 135 83 0.8133960880238507
40 318 29 0.06747416709463094
72 4 42 0.6942037599527119
141 47 96 0.37744447801853087
180 199 50 0.18510094783472408
63 221 101 0.8754673608416329
112 176 95 0.5962284175756077
149 320 94 0.7092797519687063
105 22 101 0.09189436430459652
69 253 37 0.6633893757486301
185 177 97 0.17730756884588972
184 195 99 0.9049576442858611
78 375 96 0.3791894781112052
67 354 24 0.5224116299160907
42 204 30 0.6420371369985295
121 142 104 0.8921382992101563
89 18 102 0.3812397867964066
162 321 91 0.8380559070160228
114 135 91 0.3553986646038406
57 3 39 0.4306944294143795
