191 143 38 0.6817094586021076
140 174 87 0.5961171301179727
185 113 44 0.6857706539880674
167 175 97 0.8376407353985037
170 234 100 0.513946836875511
84 41 79 0.005974933086972278
129 26 108 0.14591079793493622
20 27 71 0.5423682715670409
187 99 58 0.31709392118359525
175 218 22 0.7247414776987872
45 163 104 0.9455590675742882
8 232 93 0.730136081099392
31 142 68 0.670819829357744
2 386 102 0.8742869967783644
162 330 55 0.6937073502574967
136 181 77 0.865624935183915
38 357 54 0.9239447119900605
27 161 54 0.8001730695394277
100 397 78 0.8151469329205507
77 319 42 0.8533816919688204
196 50 84 0.39621043792372546
110 52 106 0.3073529291463831
