156 348 103 0.2011893536947753
141 41 22 0.6338342517145616
89 94 81 0.2179032839340327
190 55 46 0.9159425184385613
71 257 88 0.7696204539872458
131 161 102 0.1993123920349653
59 373 73 0.8078783732435975
143 351 52 0.11301661022003284
72 233 32 0.7309153564606418
139 377 94 0.4997325768512353
158 132 106 0.5339876877820402
22 313 91 0.8486190291779603
128 193 53 0.18208400994411233
62 284 35 0.09645037501550802
18 224 31 0.305996692305889
95 319 38 0.9360519835199377
72 107 52 0.6568835436677835
88 213 33 0.1449460976092899
26 240 95 0.5820666566435235
143 193 63 0.4824425884890087
200 308 109 0.7665565558633783
148 43 28 0.7884808483141129
178 307 72 0.6560036956970821
90 369 29 0.3957554689829328
171 203 41 0.10317732796570289
172 222 55 0.07782072691572084
