141 389 63 0.6878658206253806
13 271 75 0.5786426090772291
3 205 77 0.41358883958059256
52 234 26 0.17426107865211093
165 301 33 0.06836403276025949
9 207 95 0.10665261288658312
133 23 77 0.729432005152548
161 267 80 0.644578071244317
151 264 33 0.4646796343902868
119 55 96 0.08548652299527726
139 280 29 0.5383276859153467
67 133 62 0.32469389219202094
113 8 84 0.17174290473750586
148 70 98 0.2989145384453147
48 391 52 0.7244759076282186
124 49 36 0.6110966816765273
113 38 53 0.43770311440430265
180 360 78 0.31822653239258114
34 43 28 0.9637986939597195
119 170 58 0.5201752299671258
45 28 77 0.0907087312746051
5 51 98 0.9460424874123079
40 306 82 0.49029196106694417
175 100 22 0.29745122072276076
13 58 107 0.1505802323136498
12 386 27 0.7810591504459522
71 18 94 0.7225396113281669
30 191 46 0.465824788844312
