87 3 92 0.4113916596138073
41 117 86 0.6949426976129954
64 369 101 0.11544383631799371
10 144 31 0.23273479082272897
169 208 61 0.4601066768765516
111 46 81 0.04688260923409582
182 89 76 0.7194369943813286
186 107 79 0.5301848182727116
149 109 75 0.9431992838584101
109 343 60 0.9011876696211062
53 336 91 0.9784654145000304
67 100 95 0.27239691440972236
199 294 92 0.5516973347259427
53 373 56 0.2588857803359167
183 20 71 0.2716944943155081
3 178 58 0.44446644589096596
55 47 69 0.8041716467823515
32 195 74 0.21271284532126
105 167 54 0.08209256803852172
188 259 26 0.7968065261973495
46 17 109 0.6573555518721333
72 286 92 0.4626467488034953
45 149 29 0.27136013605260545
189 265 96 0.02575595830589783
101 9 78 0.5968836431691316
42 140 81 0.9832581193997177
44 86 62 0.6428257438555812
66 378 41 0.4145048230376689
11 233 37 0.5653289414166623
51 279 84 0.801782426512145
81 22 43 0.10652185988832141
39 248 47 0.9585416948383999
140 38 22 0.925939192085299
101 264 63 0.5625834360594028
85 266 74 0.8539285355097459
85 137 77 0.9827529024939193
