0 102 59 0.25882831224924996
25 324 109 0.07704275212209533
81 184 76 0.3683498791285744
186 280 103 0.6543232093082316
79 181 102 0.3025949588932014
130 111 109 0.7536968834838125
126 30 30 0.27882074236178156
161 321 51 0.670903292937324
153 210 63 0.38774888259970286
182 182 68 0.9735682785410836
47 70 57 0.3814148858720714
90 34 35 0.8701978340776321
198 10 32 0.3692920971002358
198 352 104 0.3768722585754243
94 197 70 0.18600392063624616
74 39 47 0.08909113165409754
152 4 73 0.21490044115994855
84 20 58 0.35211671191592087
80 117 73 0.0489903982942137
196 205 33 0.8006808085486294
83 192 93 0.4733453817801304
68 253 37 0.956714225478222
140 168 73 0.16820585214883876
155 288 58 0.8875461887252697
161 132 47 0.3031582932907365
179 312 86 0.2547922074476011
172 48 59 0.8067238850750349
112 252 34 0.6126525677429591
24 396 94 0.4047356627559664
