193 97 90 0.9925518820582144
163 94 90 0.18422218111841338
189 277 93 0.6130775071951289
151 217 96 0.6338801061887455
182 310 35 0.358625995037412
0 341 86 0.5060895157719667
177 35 103 0.4013940857408842
20 310 107 0.9489874396043644
128 292 24 0.8477650640267207
116 80 60 0.7636655846961292
139 171 58 0.866751495166919
79 356 89 0.8051395894221648
30 133 58 0.874257070774414
94 15 37 0.9324284191177014
110 319 63 0.10178860436581916
30 292 43 0.2849540166128418
131 195 49 0.8697277913535959
118 55 44 0.31743672052437655
118 325 57 0.5035483566889772
42 38 96 0.5601704660074339
191 282 49 0.3109253292775461
123 50 69 0.08055852801579466
28 349 94 0.8883469228715183
59 92 61 0.7882423053868726
111 157 91 0.09416921290557079
150 77 40 0.8430738917794695
45 311 75 0.8756913951782068
23 230 42 0.1330844980546375
85 307 64 0.13123866398631323
