124 117 36 0.7819597025622479
175 31 76 0.5277021623821214
25 81 42 0.4367706860261319
115 246 89 0.7566049930740354
2 376 30 0.13770956100581677
113 313 30 0.3408442508172985
51 383 52 0.11959339948914138
88 63 66 0.4315967034694421
6 303 74 0.5643507273209276
192 166 25 0.6369077364270139
49 214 96 0.2414719119303318
174 183 35 0.8608856265247415
79 257 96 0.1501473659783945
118 315 84 0.9307251171386958
82 360 43 0.8895806877685949
67 133 61 0.15451197433314512
197 113 71 0.39537051062114226
0 83 41 0.5456663168921255
132 203 56 0.531011990929492
23 298 71 0.7973405386120247
172 172 54 0.5371071100732744
36 100 84 0.08684518512973216
196 329 96 0.8951786765267523
61 329 81 0.8198504961596864
29 213 87 0.8380629100725477
182 175 80 0.5601264920570146
51 91 82 0.7310807612405279
47 106 68 0.44512454794557965
147 248 65 0.7334204520958848
172 217 37 0.27219547854019543
164 15 31 0.08812883883055833
