86 309 30 0.34398996575547025
86 234 102 0.5220055733603801
91 158 62 0.6946593245503131
59 42 97 0.27048699122790787
15 308 21 0.7827138983712884
77 355 90 0.9996777001788878
29 29 82 0.4636479383614336
178 28 93 0.42398798454359976
5 64 28 0.7620266791974142
104 385 96 0.06100821267976053
155 198 74 0.5412135290682583
188 389 97 0.48369948665384443
3 172 78 0.12824125756642912
66 43 76 0.4021595401241662
44 186 59 0.4706206796182414
47 163 58 0.9295782366963484
58 155 109 0.1418072435368415
199 212 63 0.24309600591079483
187 385 91 0.11656862519297462
126 207 90 0.07518270887167722
150 226 45 0.00668709069386586
164 243 75 0.46012016674577205
37 65 59 0.44237579331910193
73 170 77 0.7566826295740561
76 235 23 0.060168439413257335
