195 184 28 0.5879267599215923
79 99 69 0.6131170867929182
47 127 109 0.6554658234657224
103 34 58 0.6729791739557722
76 351 23 0.6870653337029863
191 181 105 0.1670266527401656
16 132 24 0.7823034736321696
47 203 107 0.7948696156004122
174 122 37 0.7788547005615784
71 34 74 0.15980395265707914
88 54 64 0.8529332943858128
109 26 96 0.22633167335861537
30 105 44 0.5075215564156242
60 94 38 0.06294384079350945
36 114 87 0.6447936158737284
96 63 77 0.2870356032248249
83 56 68 0.10407972201567794
179 392 91 0.2201069413431026
101 394 103 0.20332043252854748
25 77 27 0.08433064849333105
113 381 37 0.6798470123909833
136 200 35 0.8203875991978278
68 31 93 0.3067780149275213
88 255 87 0.49040877332204424
13 256 94 0.5809610213024182
133 217 94 0.3308603738724828
158 171 102 0.043312503993176876
183 117 87 0.33567255767582294
27 58 25 0.18999012030204676
31 23 31 0.24095744624465654
34 118 41 0.425851539871529
65 174 101 0.362488140448358
8 182 108 0.832110569013828
37 182 23 0.5982327829677572
185 267 80 0.1856611851688693
164 366 49 0.2961208451146474
193 93 85 0.23100870647603833
187 394 83 0.30782448616062486
123 203 67 0.506238841570784
0 252 66 0.3995355299887645
183 107 22 0.9043964254385588
