57 216 106 0.9558403749924254
88 40 21 0.5557197938877658
104 111 26 0.8440744325147556
143 387 28 0.28037514269525265
44 7 94 0.0632496966547691
17 259 86 0.8424287009476621
177 249 87 0.3386202550210897
84 255 55 0.3716423094543082
200 234 38 0.5972887005691874
46 322 88 0.5761406094965699
153 97 48 0.5793534943563109
139 329 38 0.5012009894157587
27 345 80 0.3486326080501321
89 344 68 0.20491042261609593
45 194 46 0.1575199378442711
59 348 88 0.19826808077911207
172 299 52 0.06835608968175255
118 86 80 0.025461949301007314
92 210 102 0.48945064884408285
39 99 29 0.8467313493785988
105 12 41 0.03856907659880415
168 62 54 0.08326924662707824
