105 224 47 0.946371542044783
37 256 56 0.5057198662575217
180 266 34 0.13743000690645102
97 165 92 0.686683370045055
74 101 78 0.48509168795136826
106 197 74 0.26698908632813756
179 150 28 0.5232672034228355
56 191 59 0.24923580712133264
190 387 83 0.4078909853313163
115 59 23 0.3069686411352942
147 64 108 0.920548423042628
4 173 53 0.16993683739331789
17 109 98 0.025495768733091673
197 190 56 0.6254700172593853
54 313 29 0.2882482222456062
173 335 49 0.6366493132631997
183 37 43 0.4248487164351974
190 233 53 0.6140610373082167
1 163 97 0.6374218449980341
65 357 42 0.3770357904182907
38 160 68 0.6500581213835994
199 209 104 0.9581453242398368
181 269 34 0.5951426274437377
