18 196 91 0.8059255272224025
131 400 100 0.11842951745659491
97 211 89 0.7417394857040186
145 392 69 0.6205247360121013
25 335 107 0.5466716213461941
137 288 44 0.9790312473441495
73 149 35 0.0058099206261340575
24 324 91 0.10089587719173065
10 368 31 0.5009146765683743
119 124 102 0.47893151536654455
113 54 88 0.2665508230018617
82 357 93 0.6268309099590144
1 49 39 0.2649952128405395
124 383 88 0.2574691009978064
36 71 62 0.6971941969346043
116 139 43 0.41594270044926607
62 166 33 0.576665455702847
31 222 22 0.0012667023434389524
162 209 94 0.3488376133995209
100 169 40 0.52426532132391
24 298 67 0.8241686923009449
95 343 94 0.6268710435294785
166 86 35 0.02065877197945898
52 122 36 0.21649204698728142
37 141 61 0.6643415526449206
100 39 94 0.01694263232600035
179 20 93 0.37560322007074154
31 204 71 0.26132823536873084
95 133 106 0.20083260300592265
22 94 70 0.9399203039795913
109 78 49 0.9312215572601602
33 212 54 0.5977728636129094
112 122 61 0.9914429715355428
101 320 54 0.5597237232512805
105 196 28 0.26564584010856374
