138 272 109 0.6279243935423144
117 197 54 0.8171659165577455
157 254 23 0.9090359609864495
61 309 69 0.12232617211608032
12 55 101 0.19661272984443545
161 153 30 0.3669800900447865
105 51 69 0.24465801698959255
45 100 22 0.1758292658083932
56 340 56 0.5490275502172918
134 382 37 0.4593821641638969
24 381 37 0.5023356149604734
137 80 62 0.9747726731162378
89 251 64 0.6206859640164292
17 269 81 0.6664450088480172
155 152 26 0.08303575299810106
176 17 33 0.8076289739078519
29 385 36 0.8692757396954706
177 311 67 0.6126063862897992
170 4 91 0.7381215122398757
128 192 84 0.987066335074971
30 225 103 0.2045515155185681
36 172 52 0.3296942153929969
75 347 47 0.4096088935571517
126 390 43 0.973218299606958
117 217 40 0.7138325263382894
84 147 40 0.8567793901565376
137 22 21 0.17368924502189387
4 278 91 0.21335747812617123
86 296 85 0.11837646757890152
169 388 92 0.5773045312011174
