106 275 95 0.9694626843301594
29 315 60 0.36898661520316567
27 184 89 0.43190826408753835
32 337 27 0.18283038618911496
172 341 104 0.4108728182400532
169 132 58 0.45238284282654995
75 313 77 0.6950087759452311
81 275 45 0.8392356033026072
80 5 79 0.6542060143490549
23 312 89 0.09920865821828018
3 72 49 0.5061774667421349
125 388 51 0.09889431583684782
168 275 50 0.3260376557015561
10 185 67 0.6873505782085825
125 38 52 0.2290913525518402
188 290 82 0.08528659716351539
119 304 70 0.7801930111277674
158 335 36 0.1492910967473704
52 25 81 0.2927164384441574
112 395 50 0.966897091047554
21 144 109 0.16422085739206838
109 187 72 0.4569894991796526
105 17 55 0.7531514992096018
95 278 72 0.015318415944449604
131 23 65 0.25824876039415234
180 72 51 0.5660574110837864
96 389 46 0.6217315184555426
