86 48 36 0.9769222536628178
191 250 75 0.030733805293837957
155 299 94 0.0030563554842757412
35 93 66 0.18358932481936285
177 32 33 0.6341546323826464
23 141 93 0.8376991320998524
177 342 81 0.6682908321650565
17 226 23 0.43080749762524795
92 296 51 0.8656183263967773
82 154 76 0.6320491749281274
181 241 70 0.5855529428050318
99 176 46 0.9677829381078074
21 322 59 0.6309576919903919
182 67 37 0.3163723592098835
20 337 100 0.46968235183380924
50 52 81 0.9826235165984305
37 120 52 0.41304312299148904
106 283 107 0.10607058827204618
87 306 33 0.48983313019777974
47 156 43 0.38132824279056954
8 334 98 0.15421203064376954
91 27 63 0.6023693341182854
12 132 57 0.1308772628876571
184 10 38 0.5971227255647698
171 321 100 0.32285847539823276
99 385 75 0.39390744263667254
107 20 49 0.9625447431394554
169 258 27 0.7448275789387672
89 275 106 0.15948573598017524
130 344 68 0.33835725154380325
45 52 33 0.09956545896565061
53 1 48 0.9988781339013939
