11 67 59 0.6246643466089344
62 207 65 0.39111382210410595
61 323 46 0.2891034495348924
50 224 42 0.973370456118309
192 26 43 0.47246278649001594
49 378 32 0.3968012489965086
102 233 56 0.5864887038996978
143 338 27 0.19097873423732536
84 164 94 0.9707503799719932
177 376 84 0.1539697243270589
1 352 103 0.22471805388136823
94 335 93 0.3219698760281242
181 331 63 0.7212682196400991
70 53 101 0.2385307505263452
200 116 102 0.4852511436234632
162 15 61 0.7227279664985167
125 175 53 0.2701781214530409
46 359 73 0.6679093898089532
160 51 30 0.2616123247926895
6 355 75 0.5853243259812946
28 61 49 0.1547117938762066
48 299 92 0.5078078759578382
81 269 88 0.9091464983039691
148 150 76 0.10556793653433594
181 65 33 0.2585839779043062
142 53 93 0.49840458840464086
27 276 78 0.8349010827145315
