29 254 76 0.8193104301778981
33 108 54 0.4271725154944266
88 91 33 0.036408074129741785
13 332 83 0.808852212395032
23 233 91 0.4153968265918975
3 114 61 0.6823232128430553
198 98 42 0.3603672464683033
94 312 60 0.44244498690299516
13 290 48 0.8396753982166691
67 297 87 0.886853464520233
99 305 35 0.9216877961142277
146 120 107 0.049172414915429785
0 28 28 0.8574215409657072
48 51 52 0.12038606322596135
35 279 46 0.16929673413472301
49 120 70 0.6410797742009844
14 261 30 0.2228988019070206
185 221 94 0.7822385662651181
23 319 45 0.8038622321983925
125 31 101 0.7394145055892691
0 394 67 0.9124262249506379
20 332 107 0.16431947950510317
41 378 54 0.6780630481443806
169 99 84 0.11038100358291147
183 109 100 0.8688264120641591
127 399 69 0.1708567499967234
183 225 88 0.23699148633723988
14 337 103 0.85367533307327
128 79 39 0.03072981043868217
