102 172 75 0.6920212576388187
76 239 22 0.257262859022524
128 65 29 0.009735677608033955
65 36 51 0.3755796689332458
4 98 105 0.4060832757730317
92 75 58 0.7989831652297326
113 202 50 0.7070648871659704
121 184 41 0.626428467353361
83 315 53 0.6262702942447722
79 21 70 0.8161616529855072
16 293 93 0.5494279035532617
124 308 41 0.7259448662341256
20 250 85 0.8342134468000552
168 23 65 0.9360539603897916
188 379 43 0.8699127855137392
66 386 84 0.37168909388099935
75 366 86 0.46423813453926865
40 132 96 0.7772631194196569
13 359 98 0.1934678800141546
115 305 60 0.25725596159038544
105 38 56 0.9445061557305919
124 296 106 0.4980645953458285
71 254 109 0.8139765524119367
188 48 60 0.7383818028750784
55 101 37 0.6310948462677384
194 189 61 0.4496163063613863
