127 113 104 0.9220265437094525
34 315 101 0.26012445581362476
76 280 44 0.3935193121909981
191 150 45 0.7234084224206041
126 277 65 0.38170957744951584
80 245 65 0.9193348505735809
163 30 91 0.759589679935507
85 385 35 0.26591258508799176
148 285 97 0.488320686276411
174 213 63 0.6152180789754221
79 9 105 0.1484515261088738
100 400 71 0.8664824710557504
80 289 90 0.9446756507377466
84 274 52 0.5255075549988977
164 370 37 0.17113405855448016
42 389 93 0.16427507799251695
60 61 34 0.828224222671559
125 336 53 0.6089765906283963
79 62 35 0.6555289495762936
42 349 75 0.11520060318980929
69 158 70 0.7766284963872064
88 390 35 0.991441593218363
134 152 37 0.02206116235754152
190 77 59 0.1221012476628286
7 105 102 0.4060995088130275
10 398 71 0.8649288764260991
30 344 32 0.6717383185581216
122 276 73 0.3269346503646666
84 261 101 0.7547050670731803
