56 50 49 0.8556460707460241
151 2 77 0.3489423235792122
163 54 89 0.11128686361587092
8 155 22 0.21583693839418228
86 361 74 0.021670134714541156
157 183 51 0.8910022509079693
108 125 33 0.4141639445775176
62 58 99 0.6449686237162789
97 160 49 0.20292533472700458
115 358 89 0.190378047011604
141 185 99 0.9739692841675536
87 200 89 0.19515414196561287
147 240 83 0.9307611751487739
134 174 68 0.7627326264475968
144 192 54 0.8074547927480655
101 195 24 0.015280042944866845
107 29 40 0.34284467636268234
117 393 53 0.863044693271608
82 176 29 0.32020070113129717
173 275 38 0.8430083300213149
193 202 107 0.10313195874887782
79 30 99 0.3485586114139073
48 93 55 0.30212466229628376
52 37 48 0.8726843561285654
