166 345 85 0.7003493003830298
95 108 39 0.3655434682170249
93 294 64 0.14674312229770514
160 37 100 0.46105379806205493
61 59 48 0.0904801838653585
94 179 56 0.5466913691700738
17 282 80 0.7572090004860901
130 168 65 0.22784209281321788
154 222 67 0.404968653837504
125 264 47 0.9643992442660542
18 107 62 0.6826998293882917
22 263 44 0.6645258304908332
4 145 84 0.6758710090108507
194 358 109 0.3868789870984013
156 252 100 0.7703767188002673
53 173 29 0.27629118389245444
95 69 108 0.8715332382378806
3 265 64 0.46424009354514684
32 400 85 0.5241917659117895
73 7 86 0.390816374161451
80 141 103 0.9696587824361709
158 58 61 0.28108811834366454
193 235 102 0.4214919089596554
