81 322 47 0.1869699435371367
82 318 82 0.6723402510523765
76 130 59 0.43497592708521615
3 197 69 0.14966747674759495
197 331 78 0.5173657551428812
23 7 69 0.8585470819779527
173 108 70 0.9511953995577133
36 214 58 0.33076857545501626
76 101 74 0.6384266100684338
96 294 47 0.238582782060886
147 129 59 0.9655305190922371
17 95 101 0.006734211510124877
164 36 52 0.3116377386770798
148 297 96 0.5301057293199758
131 103 46 0.21197562696125716
200 291 69 0.3472622785515065
188 76 73 0.898282531810986
140 400 68 0.9953231495993243
37 288 53 0.6238294454097814
33 241 60 0.3475198979919073
56 18 103 0.9648301599923453
106 134 97 0.6471053427201002
143 121 73 0.1428035773281623
163 211 77 0.050515033563137135
24 277 85 0.24825859842300402
172 21 76 0.228884147406202
139 364 94 0.4006602890149751
35 169 56 0.7855821954898993
51 326 61 0.3932935932813558
183 67 98 0.46012451686894473
2 5 71 0.19179454438990462
115 158 102 0.017895792147323952
107 200 47 0.6458055392263312
183 91 26 0.8660837472565228
52 316 53 0.9257696790271582
200 342 72 0.6758669208461019
22 195 54 0.5308148701783003
24 238 96 0.33091372449264544
