168 384 65 0.4806143539773996
81 323 26 0.505883436548173
130 70 88 0.4361055292921152
0 27 35 0.41672401284026117
176 10 46 0.8643869823195622
171 157 87 0.853803397185407
39 169 50 0.7410062314815551
74 184 52 0.43478700389377034
164 384 25 0.14037683961810876
70 135 73 0.704515883971574
151 78 92 0.6638624358020763
92 256 109 0.6638362123725098
89 96 81 0.43582235234443856
133 107 36 0.4331531949211095
200 14 50 0.5495066461416105
14 38 62 0.16742965404637322
35 332 88 0.6065372122733654
81 268 51 0.1496992755980927
172 196 83 0.8520560236018179
54 154 28 0.9553392038373255
175 311 61 0.30930952904909903
107 48 104 0.08014394804752711
110 379 50 0.5324594735238347
77 106 32 0.7519384699726502
156 230 37 0.6895242806087256
