132 371 106 0.5708118615883148
123 25 85 0.4691831011473825
48 184 47 0.4284208419997574
38 207 99 0.3461957152092765
199 224 106 0.9221510362726257
130 6 89 0.26286417591490674
132 151 86 0.47255721439344933
133 374 50 0.7700301832511244
187 282 64 0.9775960164452987
29 257 75 0.5841317582952348
37 75 92 0.2636335493112454
62 237 54 0.7716164050824504
190 247 33 0.46938647500213837
187 174 81 0.06303247078150565
19 198 76 0.06389043412758122
73 234 85 0.054710775656770516
31 160 86 0.6879905048955607
111 159 33 0.49811028259276136
70 223 52 0.42567053809617916
68 326 51 0.5595025898981739
28 244 61 0.3359282385514357
180 71 97 0.509128711505803
117 254 63 0.47253505001597373
169 126 56 0.01764597386239053
37 392 31 0.8092160196019903
