34 68 84 0.6600368725545996
99 16 35 0.5649835295965339
111 249 68 0.13921634882327105
25 260 103 0.44782094260193595
82 163 54 0.23786808135319226
153 321 84 0.8066836608730694
138 130 47 0.6119217343078424
168 60 77 0.1378272129820759
183 306 49 0.36975111279299455
101 100 93 0.0948531053932894
17 28 78 0.7471738040025945
142 277 89 0.1592249342682973
128 379 106 0.7003082376450976
155 263 32 0.58151739511896
176 114 84 0.9223897533481742
1 63 37 0.9156913458416005
90 94 94 0.6865300621915447
134 213 45 0.38902489065308177
30 85 72 0.7523812380794753
71 29 77 0.8129999223481005
13 108 73 0.7870047076923833
105 90 56 0.17846280352715116
13 43 101 0.6237013532401539
136 161 86 0.796478063393621
28 81 73 0.05976574711919147
0 32 56 0.9514540088940705
