40 286 24 0.8663068925089581
62 349 38 0.3456575019124929
89 274 46 0.9805670328598523
155 391 50 0.1603853313765835
4 140 23 0.7740508934869893
70 254 35 0.6804623523734775
17 219 65 0.2531586902050883
71 379 21 0.6403346289196554
29 205 60 0.4490111917462605
172 176 86 0.6357252527343061
131 325 45 0.35985931864065857
5 24 101 0.3360468547164073
12 58 91 0.10842710474534623
119 87 106 0.8605790109335615
178 169 62 0.6040332266424338
191 344 60 0.22157964194753588
190 36 67 0.2312313180054707
191 88 33 0.23023943686549186
28 253 71 0.03313897979874636
132 34 31 0.6144957771385453
197 180 41 0.5951252005657168
8 20 45 0.7400038397434917
106 78 67 0.9304131150626859
190 379 73 0.5334925035490155
146 25 24 0.7975248129407608
59 8 90 0.3863603324682432
47 360 106 0.48830207404070014
79 95 33 0.6298248489318882
53 39 63 0.9992138595011264
110 81 58 0.9151186772305712
30 344 72 0.4123625595549332
118 357 46 0.3817423044841324
62 109 38 0.06552484782167167
63 263 98 0.5354526263792453
166 108 89 0.6269581180719647
60 36 57 0.8210076007352701
60 88 83 0.046598561738052324
37 3 29 0.32212782473005463
