30 103 51 0.9838138745109115
96 164 103 0.08297657768371502
27 163 49 0.8454877233522421
34 378 54 0.0031919769882938764
66 183 106 0.41728102567090986
42 149 103 0.6813370758783565
52 126 83 0.10164056131335975
42 112 59 0.558544536813944
175 23 26 0.3811350122993843
188 179 83 0.3583992783235793
13 328 55 0.7295754329148227
113 139 36 0.6670716359181172
109 296 23 0.029268734804970276
60 246 56 0.9114324943494934
12 250 37 0.1052622541966084
87 192 83 0.01289181544083473
28 239 90 0.0038844495043933724
136 236 35 0.08703102689462627
86 358 82 0.0901789155353514
186 346 68 0.5693300896610212
54 394 24 0.3778336352610775
33 182 84 0.08597475195041837
31 94 86 0.7908443944591249
146 321 104 0.5025211006024202
60 202 56 0.4074749928075698
91 60 61 0.9282076955061376
81 123 62 0.68919114714528
78 231 57 0.958627620545619
146 157 38 0.8025284662694886
135 292 69 0.9016101640858218
1 323 66 0.6473518380748945
6 54 81 0.7548039116526115
73 60 87 0.8872992495524054
22 207 50 0.9189494424913316
80 94 93 0.2922047458885674
102 47 26 0.06811963781018326
143 299 95 0.1556982559230491
131 9 72 0.8997204929039466
48 170 72 0.07089202927603311
