97 218 69 0.24954355349638058
28 108 55 0.6658419586015745
125 219 57 0.7390388216339816
187 159 48 0.7298643141503535
86 116 60 0.40056140178652355
127 347 24 0.7428470029211877
188 360 49 0.6668982397536084
55 110 67 0.9521703837221294
19 38 80 0.025751865687659414
138 221 39 0.5918072954513834
17 333 23 0.5034460872934152
106 3 43 0.9960161761187004
111 61 28 0.5150216363282901
118 8 67 0.46189795845828896
118 17 68 0.9468449934350938
178 130 81 0.11661702011761554
90 280 95 0.578908782534196
40 307 31 0.13618226474700756
70 235 103 0.7526816348741782
106 104 92 0.3445845860537581
8 137 98 0.3972298575444756
178 235 32 0.5990622747163179
169 50 65 0.7265715906014815
147 321 85 0.7069190158328132
81 241 43 0.9080708416474721
103 13 43 0.27951982181334023
25 308 71 0.2435295499666047
