3 349 71 0.6748165453840937
104 350 26 0.981284410945475
82 153 90 0.1496154238959304
146 329 43 0.8310534370917212
17 18 93 0.5321374939071968
152 66 31 0.13439565644784945
159 252 27 0.34718362378432965
28 293 29 0.4736099808911405
10 168 29 0.6550437546423875
57 75 102 0.7815371555449248
99 373 87 0.5631133323905261
125 398 106 0.2025195375253882
34 194 108 0.8583980542536738
24 315 22 0.13973293392093833
83 304 32 0.5235397592562854
178 219 44 0.6120875427427521
190 56 94 0.9926602807919198
9 25 109 0.4404931786141788
72 290 68 0.8433758913146164
155 222 76 0.2528996646880257
172 33 61 0.017873113127563456
144 118 74 0.771834848437498
17 303 74 0.9624491660549767
123 364 71 0.24617550063522942
173 210 55 0.6675707252203105
112 365 56 0.31984393213419116
30 172 73 0.7400286108773289
