53 365 37 0.19405154415620418
93 147 59 0.17291942947982553
171 378 82 0.43330380285720616
181 399 46 0.44667956269903597
193 316 29 0.9919180177600256
185 61 22 0.17140491303499994
26 135 108 0.83067447926859
155 124 100 0.3089658315381675
190 275 81 0.0483076711071192
75 229 63 0.33182800679535107
70 260 58 0.8092599791341201
45 78 68 0.31557820298231753
177 133 98 0.1299835347856727
184 226 30 0.288796484272865
138 138 82 0.5030609679647121
104 38 61 0.9923765597689722
139 389 21 0.1700528601412501
101 356 58 0.7796747546644812
121 67 85 0.4933942581515355
91 290 64 0.18650226583974405
180 107 82 0.26490767933483383
58 74 55 0.8781518711138621
76 212 62 0.6651962182570498
5 357 50 0.09807846242852825
153 182 28 0.8047567155579869
72 16 89 0.8952135763646948
40 124 95 0.43623454944358775
141 154 64 0.9380304249214462
181 354 99 0.5601085463160481
168 280 43 0.4804109494024994
62 324 80 0.9829364584775874
18 185 25 0.6074426422101862
124 328 93 0.5074610222402508
