2 1 83 0.9595734724532503
45 25 101 0.43870346717268216
199 121 61 0.09510434676785484
19 257 25 0.5072041416304908
180 126 57 0.7973689866268511
57 36 69 0.861803738464713
98 339 85 0.5839012420684516
76 332 74 0.880269008692898
120 178 33 0.8678337978784627
118 327 28 0.8071380616932942
183 15 84 0.08429952592233403
177 64 67 0.3150105513052397
167 100 23 0.7976140584152847
124 111 102 0.9930294967179031
67 33 89 0.06086595544035056
74 308 87 0.5059524808919323
184 61 96 0.9070514606906463
135 318 78 0.6828818061739724
48 58 24 0.9845637615940696
97 57 58 0.6296019514824921
144 112 38 0.8452723256027912
72 14 23 0.3134995477552768
87 177 66 0.11712391227067553
14 310 90 0.19351619279556154
108 82 52 0.04354884932914127
31 215 54 0.8149234751007245
8 24 48 0.8423556683918424
36 128 71 0.08641682607982704
101 70 78 0.08905340997118227
21 22 32 0.4702619530726053
101 143 65 0.23112035048782698
