8 117 100 0.8246146737998781
43 358 90 0.6231261382947573
145 159 73 0.992495098110309
159 294 64 0.2230583299600578
71 109 37 0.33247926619555535
58 167 102 0.7136553914912945
65 380 99 0.19145580299760712
18 263 38 0.05967155884338593
66 273 86 0.24335708970770298
137 256 72 0.9661884985483429
170 20 69 0.8578364449669825
20 344 82 0.6022445144601738
38 177 32 0.7244729082247849
4 4 64 0.8180474456694722
26 257 25 0.022103564611400173
110 164 103 0.940454074122202
13 202 93 0.9408786123495788
36 29 54 0.7893828377941132
149 349 82 0.07357735915498242
190 150 103 0.3456783278774638
29 365 44 0.5499712840361543
100 48 90 0.5396709396318418
136 9 28 0.4897053976100407
179 297 100 0.3218791761819071
187 380 37 0.7345766108634526
162 27 102 0.734598364139861
147 113 53 0.24330291616496946
161 364 46 0.1440605295594063
112 186 29 0.5235295721835453
153 69 102 0.21735420683268591
73 17 25 0.08663288112851497
53 283 51 0.5404217018033797
59 137 64 0.7853701291584534
65 398 38 0.33341038972878534
