165 325 57 0.13594765227601446
189 24 35 0.724764407621543
73 193 99 0.3598788272670319
96 151 34 0.7677865221583698
105 95 84 0.7606123857903937
71 29 40 0.793289724803437
75 84 35 0.5843948351229261
14 76 83 0.5191384738084596
24 71 99 0.12486658656068317
140 111 53 0.5443836544573704
2 77 66 0.9508335521084833
6 258 77 0.06212193354728712
2 194 76 0.8866995946506826
11 8 96 0.7598709659120313
187 261 85 0.8839213793283931
185 6 42 0.06069242513534401
1 373 73 0.2990811086670042
159 373 65 0.7170687555721953
87 265 28 0.012956322946666265
163 383 31 0.19263741346827334
172 67 68 0.8838437008097787
184 71 78 0.05998809237819469
42 311 71 0.6616408397397079
186 362 94 0.7516733492859147
111 273 90 0.9805085139982935
150 159 24 0.6448495227778639
23 47 92 0.09180069044388284
147 369 87 0.7627037515933279
128 5 27 0.8132889301639086
188 348 26 0.45694738993012596
19 344 30 0.2872476787690855
78 81 33 0.4439919478337603
49 394 24 0.668042593346768
46 40 85 0.006981284947658928
28 33 72 0.640076892112467
178 166 33 0.6783206173928126
