53 204 73 0.9748097699026894
135 296 63 0.6816341913158369
177 323 71 0.9649419274912999
65 368 60 0.01000302100652739
116 306 38 0.045330378786455294
121 26 56 0.20442386475841434
192 359 80 0.9405404932915465
24 92 108 0.6455381142204664
89 271 49 0.9780119528711272
10 307 92 0.7430338660282663
9 369 67 0.03646471210077684
118 181 91 0.7809140035165233
151 195 40 0.6744678171843197
116 264 50 0.6770910025199344
50 328 99 0.8533989580842408
6 374 109 0.09051014171601679
159 200 37 0.10480369271609213
123 168 27 0.836942278026065
110 79 99 0.8957393629529019
117 369 87 0.18058980689221615
47 242 75 0.37984737197211116
124 281 102 0.20662906185666108
35 332 99 0.4992363610574905
111 367 58 0.6856995187255883
72 124 84 0.17321070242570036
152 179 25 0.7519248578180827
40 203 37 0.20183104843852617
25 22 77 0.335705327301676
118 264 21 0.12024318059747374
42 353 45 0.4176332683603984
158 61 23 0.39780481886637487
