75 295 22 0.606908389152069
2 193 26 0.10876974540239248
58 282 65 0.2437922927902867
129 224 84 0.8025564333194414
112 329 23 0.4116566418758092
101 8 63 0.494904648822584
71 97 107 0.06654908703782436
139 231 89 0.06655662128234785
127 155 104 0.9385110741825525
122 215 72 0.408150197566054
4 139 104 0.45032061811321
21 252 40 0.38916091327605506
47 322 73 0.2814387119447669
128 92 102 0.2027871023943818
1 328 45 0.28763752229239836
12 153 97 0.5829587438131099
45 11 56 0.8512918307282203
25 86 33 0.6834538819701452
185 225 60 0.23762827191539404
48 313 26 0.5214298198150912
79 63 72 0.4892549875060421
