154 171 21 0.928229441885794
109 82 99 0.005587844762073302
74 263 101 0.010518854258129595
109 353 68 0.8054204964082894
130 157 108 0.06309024329987756
175 230 54 0.3560912807345703
29 130 92 0.49542986948264667
102 390 75 0.5637948095927654
175 156 92 0.782301238436441
169 13 79 0.5714298213598265
174 358 50 0.7952097347134632
30 59 54 0.0369956326184393
53 304 31 0.9101311341345204
143 10 38 0.5860008593125713
21 132 95 0.22361285756159588
45 27 95 0.17287265675220265
183 247 102 0.050171898519553726
105 54 27 0.40255035839089104
185 18 21 0.05919618615184352
48 345 37 0.1233963706420863
113 379 109 0.722695610919621
36 312 108 0.38646498651063343
138 233 95 0.07621216943572029
43 314 56 0.6530560264649401
77 350 46 0.46553879617573357
195 201 94 0.34644361290222325
33 164 41 0.3872682455059374
