183 99 37 0.7202534937296712
37 133 26 0.9094857935108995
174 293 74 0.737107016009471
8 109 56 0.13592591975636126
83 221 42 0.04835972335792704
174 304 49 0.919522207797573
120 371 84 0.650020680612912
171 180 97 0.013051991367083904
190 340 74 0.8803191334125842
21 263 93 0.39471649954251564
20 53 72 0.24116815094073263
77 224 38 0.3246572572213775
96 20 73 0.9214722922708458
44 320 41 0.14081859764809868
108 357 40 0.5945500605793907
177 147 60 0.34819608129733914
81 68 83 0.9162650746523859
60 230 95 0.9076487473308968
141 282 65 0.591593488226127
127 111 90 0.1888599717647792
102 244 25 0.3992468010360072
194 217 46 0.05166845980119661
83 343 89 0.758084505025219
57 135 66 0.9292822885921501
161 245 72 0.31463250049462843
153 78 106 0.5871407001303488
199 311 36 0.2750426148458507
90 148 70 0.2673071996042107
146 134 65 0.7757886468579087
53 116 38 0.25448048827316594
167 211 106 0.32844645888295687
40 377 24 0.3920696400258781
148 348 44 0.9739585149466542
