199 371 95 0.365741915177869
17 373 95 0.03601652022181456
170 161 108 0.050018749226592774
86 78 96 0.21908152137933967
107 316 86 0.7148312066335689
84 272 45 0.07018860919312286
190 335 27 0.7861154089089395
39 154 107 0.9630276336819168
8 361 85 0.07721899010899502
162 294 68 0.0711166709819353
116 150 72 0.3579562568826251
177 186 29 0.9728330404109014
5 321 42 0.16448856731553685
15 291 85 0.6954042191113309
76 274 77 0.31281959575738705
181 4 82 0.9713707922506497
161 400 52 0.20332379205544893
99 237 105 0.25727483922370886
4 321 22 0.42348774364346176
135 17 108 0.6965585536480741
134 397 52 0.02382525954557868
136 53 73 0.0338100727796784
24 192 105 0.014385559047900731
30 63 51 0.5487210495774698
194 245 109 0.2905476425813188
32 180 91 0.5766069394865828
78 102 106 0.8723740021548281
177 123 32 0.24107989135845176
77 28 39 0.9172403609163737
21 287 74 0.9020388769365064
