123 216 27 0.3231310696430366
44 69 69 0.275495081646856
16 334 93 0.54021423074262
111 160 94 0.996602230812965
172 72 30 0.5007071858221845
112 81 43 0.36395064020560486
174 113 98 0.8573763810244313
1 57 66 0.5943501839693612
87 290 34 0.2421585217127833
11 228 61 0.8084014884084144
144 349 25 0.9227994246307745
157 350 104 0.19072446064480153
189 291 26 0.9488509462140786
165 363 55 0.08066926771028615
137 378 29 0.7444631286103978
192 344 24 0.6236998177617652
61 190 37 0.16884186472342289
72 284 65 0.5704954692169723
154 361 87 0.00044753925301199704
26 239 45 0.9445274947622018
198 320 31 0.9342475221171977
83 388 31 0.694501208724297
171 347 48 0.8336671339523739
158 266 24 0.4968864500582755
3 351 56 0.6626305867436514
171 261 85 0.4893036244311656
175 120 68 0.9449162425271975
100 395 49 0.6290728049762108
165 247 103 0.6390879181807295
70 287 30 0.0703630937122467
45 255 67 0.7778988040566911
17 270 96 0.6895477516376786
78 118 102 0.89744973025542
