67 290 58 0.8822911524721502
187 361 69 0.07944614907591596
23 229 91 0.28899802287891574
10 301 71 0.8872987630473144
95 117 52 0.9098615290166897
35 308 67 0.05512029186089651
162 72 71 0.2390518467584858
95 111 96 0.9926145534078401
99 388 76 0.5787872104986531
179 218 72 0.6648660552261236
12 369 45 0.39622808190608705
102 128 40 0.4122762238806169
160 161 97 0.9888452666203231
82 91 102 0.28964375996739633
132 161 57 0.8853142624767444
155 240 91 0.6362917234999398
112 369 87 0.7742417071879201
22 214 108 0.06068462909454464
184 396 70 0.6958442604415744
158 32 62 0.2788339515059487
183 325 71 0.8595313094193731
95 352 29 0.8092434602873624
199 74 72 0.6878511100313289
187 43 24 0.34027155329275904
87 158 68 0.6611837405436334
8 257 82 0.4377636225825843
178 172 45 0.43747686335234837
151 28 71 0.13751760147687175
143 2 102 0.3758968376776426
