83 247 104 0.41127349999269924
39 136 35 0.4366476139743315
155 171 71 0.32784058664417903
108 264 61 0.08151052035344841
50 18 83 0.62761231394019
120 139 71 0.3334656568375092
129 384 22 0.6370472555197816
104 289 86 0.20899287685837453
123 29 44 0.44566932764843725
156 247 77 0.9584165290069786
46 184 109 0.565712630266846
20 110 98 0.34274729440461926
90 348 83 0.5667330321187047
106 47 87 0.7266239624725425
61 242 77 0.986913516605842
29 20 97 0.6783899994846413
31 169 70 0.5483490674955324
198 30 21 0.9108988073055958
24 372 51 0.5514417780619826
54 245 95 0.9863507950619254
81 319 72 0.41905179214396904
154 305 85 0.38861900738066313
54 290 45 0.006196731107324882
45 176 86 0.39261967723009783
199 372 42 0.3753729584163904
146 137 36 0.5103966660634919
2 290 32 0.5519454376416727
20 317 82 0.4349993655136756
