101 282 68 0.08949970407125951
61 377 108 0.4014350277106443
183 247 99 0.31909262710863207
5 319 44 0.4144219991642887
69 272 106 0.7397682338904744
52 63 98 0.6928436124182166
141 56 107 0.10241802609811579
180 94 27 0.41720189446163736
178 61 53 0.7796599986236398
26 336 65 0.9028060717673504
26 195 79 0.3432957862342024
162 185 44 0.05170060222746942
45 339 107 0.12053495259234892
157 255 29 0.5058640358842834
10 296 59 0.7630981601157789
177 271 87 0.7500110090142048
21 292 86 0.6260461578214956
59 290 62 0.40315271806102737
197 243 94 0.09089749519335244
188 195 43 0.46716391164230187
84 265 86 0.10113152435347561
56 178 66 0.2350174516736011
135 341 57 0.5863727544829411
79 349 82 0.5248587372915673
50 53 39 0.1742712688969953
105 4 108 0.019536572428971888
120 336 30 0.5647472785105699
32 314 66 0.5560986312507524
99 137 63 0.014594158064066165
31 194 92 0.470229178112456
166 21 37 0.9111806545281564
90 175 76 0.4625739903370697
35 47 68 0.7111533618098634
95 293 70 0.6632518210560877
129 366 49 0.9512959297847651
194 289 47 0.010430049495220972
158 27 28 0.2933336107725024
156 373 40 0.2665523628983747
