25 71 45 0.42259558241648476
101 214 93 0.18517804229630397
69 165 97 0.016832453514865398
60 240 101 0.7263253158851221
121 365 82 0.42873855645856396
65 290 24 0.6442046581201617
106 3 75 0.7236937470273807
45 96 82 0.4817346444191002
37 47 70 0.998915745918877
80 155 48 0.6516845887392785
35 371 23 0.2591355955191077
160 397 89 0.513402534821634
25 260 22 0.798141499990493
137 166 64 0.48822061778139214
89 15 55 0.7551659322025971
29 65 41 0.9415504452527445
96 160 101 0.43816866983880265
181 390 71 0.7624305707961914
114 200 106 0.5063677804258799
125 361 73 0.9720729435509226
198 232 24 0.9886166288273779
64 89 46 0.436098278363655
167 217 31 0.1305646154603507
121 74 38 0.9381007276545711
64 54 63 0.42197179082641534
111 248 46 0.9073827031274235
138 184 41 0.8367316525791411
197 58 94 0.44426784309259537
94 249 87 0.12769126854346202
143 50 21 0.9496323154520504
