170 166 67 0.37430848273268946
196 288 107 0.5189010579398134
70 31 47 0.18007637993370285
6 160 95 0.7186222948963649
47 301 81 0.5515195036747176
196 237 96 0.39258989104920317
78 18 94 0.5379169282673589
129 103 21 0.6090850829878205
31 16 39 0.2693790411763769
78 80 92 0.06944979803865314
10 351 40 0.21497413180973368
125 242 31 0.35983451831469426
120 10 79 0.31399624096801393
80 212 98 0.1551531346576388
183 146 66 0.7457787037608788
160 302 77 0.9263677174219958
39 200 43 0.44033403129120163
33 106 46 0.2744085168071362
162 76 103 0.013511582782143927
68 124 67 0.8152166241295512
185 282 100 0.8079390933496937
195 38 36 0.07558980562487772
120 126 97 0.8063285329975781
143 310 63 0.4823237872567562
89 386 31 0.04862372056028019
124 147 22 0.3590573530835709
167 362 60 0.14937657096963863
