12 212 42 0.1303597402558596
39 293 90 0.7524111850279219
99 158 67 0.703709907835155
133 382 24 0.3118022088633907
182 183 22 0.3152954693095419
123 113 57 0.49819809561329864
56 332 84 0.6080445737194521
139 56 27 0.9456530735627252
121 115 108 0.5474444579085264
116 397 84 0.03517706035698642
147 310 25 0.5267959747705226
131 253 49 0.7606612295840044
192 391 43 0.1340785000985516
27 149 26 0.5324072500174657
37 73 29 0.9150335955618077
170 5 54 0.4272497741042861
25 255 93 0.9103832428143492
113 304 44 0.5634524655147672
47 111 40 0.4322137397071596
56 284 99 0.1411616676884685
188 273 88 0.3841262521194758
123 132 51 0.00021633322117475817
64 199 77 0.19576782696048978
187 201 104 0.06116781237557334
174 255 58 0.9788723694501378
76 18 81 0.9483171534246172
55 343 94 0.88878297922971
163 195 39 0.27364995568188366
156 254 51 0.9876648851217937
177 394 78 0.7529822847306817
36 391 49 0.3338717201761432
60 247 84 0.4849326562221462
8 100 60 0.9164238474877873
32 340 63 0.9644497619794994
