72 105 34 0.7937740324482269
102 323 69 0.8531971827702277
76 323 98 0.218303570999707
156 393 27 0.47707352045094564
115 92 104 0.03597171140134203
23 275 72 0.8601905331084161
63 386 43 0.11595803187905662
51 86 73 0.6696535659921669
35 55 70 0.049902118171051724
122 295 38 0.13977306396604106
165 349 56 0.2804827193063154
94 190 37 0.5083493345430133
27 232 21 0.8858928080950671
194 33 69 0.9749244841675136
152 115 60 0.8218510230295896
80 166 107 0.006038123470366474
177 60 30 0.5246486669839474
29 338 79 0.9823324024092475
143 284 26 0.48706753510205814
49 88 73 0.13139256433576496
153 134 55 0.17882803354819177
162 230 61 0.8108264742821997
40 57 100 0.9428221652166212
