3 204 48 0.005790483550816461
127 177 36 0.3487024524610389
14 235 32 0.794678816520164
55 81 22 0.8773494468510794
65 379 41 0.5674651165582412
17 148 94 0.044325730960482645
180 51 86 0.5342725594142413
178 137 95 0.5279903068658072
85 108 60 0.39192332229300564
97 342 40 0.7892130792660549
92 138 93 0.4660003028928482
58 68 53 0.30118751901573126
140 15 34 0.4975821807081673
58 182 36 0.12675096277055253
10 334 60 0.13085035788549737
134 369 47 0.6881245705092287
142 143 50 0.9519363675528553
18 134 85 0.32114686531671344
164 116 36 0.22008694713783694
186 65 66 0.5836734013301301
101 43 29 0.7880935295504032
66 59 71 0.773767162344483
161 251 21 0.11430013895791213
169 259 74 0.9265244717089266
106 249 63 0.9603844680516022
87 184 61 0.7047149950021909
67 249 75 0.34944175110590325
9 9 75 0.5344718054029315
134 255 80 0.4900018383250063
57 40 94 0.7079997637874261
196 100 92 0.10601702802138091
142 23 84 0.8696539803839047
185 106 95 0.3525727616828498
