187 354 47 0.47151137670779253
192 186 88 0.8769846727220777
177 326 70 0.5704389599641673
197 372 89 0.6932709510526541
176 198 58 0.7135231609599797
197 248 96 0.967275143795421
112 378 91 0.8889528478952505
69 180 63 0.07380621003535814
140 216 37 0.4375609748262187
137 38 92 0.7955002920634455
177 224 97 0.8070137246109135
182 260 30 0.3768968242918881
180 194 65 0.14575993915974983
46 82 51 0.8543864538303945
66 355 85 0.6744218285299047
86 105 100 0.22508733002713965
73 56 64 0.1803249921528769
90 241 98 0.9275575204336649
165 282 56 0.9113875136919093
3 113 90 0.043495206168051914
11 365 76 0.8153883893704867
165 338 54 0.049543491978905285
138 129 76 0.4590698293928177
59 18 32 0.258147977250348
188 69 81 0.7972140376306102
173 209 68 0.7666192076720864
128 150 103 0.4976702930764716
163 163 102 0.3904248941216686
54 248 63 0.5292446697201098
117 259 70 0.6303644406759651
58 17 78 0.2240368375946047
101 3 58 0.21179665246250234
118 74 91 0.6042034034303849
131 316 103 0.02450385496015317
110 58 90 0.47531830672282027
86 12 45 0.016585717935743927
128 14 40 0.7680692325227988
147 72 21 0.9912580183002602
34 157 23 0.7687342174488132
200 134 58 0.8912554836052975
186 271 85 0.6546835678319908
152 16 63 0.8846733024569895
124 328 86 0.22964139974909625
