140 182 38 0.38505016066724984
28 283 77 0.475095596877982
71 73 66 0.821452763347382
79 243 105 0.6906651381366273
47 297 73 0.5409251377890639
174 314 76 0.2877209484862707
43 7 42 0.3172146747113537
186 371 101 0.21991766294851944
82 233 56 0.6739794233163474
7 122 87 0.5704486215297601
79 354 84 0.9092775241875846
140 330 26 0.5815498572231795
166 111 73 0.5469506048064685
119 47 106 0.03542401387886873
125 165 52 0.23215517274405306
192 252 22 0.6125384167981606
60 128 50 0.8617322029119698
64 371 94 0.18623495111404187
194 248 55 0.8611942860845504
83 32 62 0.8820626185882517
57 227 62 0.415433901515031
153 366 97 0.7815577078259837
150 304 92 0.996214099465223
110 281 25 0.03786432457667743
193 306 108 0.4782635610292504
