23 125 64 0.9508212668801495
35 301 91 0.9798042543769976
115 10 31 0.9277745019319642
162 227 37 0.8726351738811551
87 258 50 0.3333303298225544
165 63 32 0.8463059859068072
151 218 39 0.7779633739059362
55 287 42 0.5839183528885488
145 58 38 0.21720543898117817
140 283 57 0.7797592618212864
112 190 47 0.9918107504526622
57 242 62 0.5694306008664649
23 310 52 0.33261716959530385
72 384 25 0.23143957839653373
30 210 42 0.6063673308921691
146 288 77 0.6125444104713498
151 61 70 0.4929423460329132
14 389 41 0.38736713627690866
58 23 90 0.30944780477582745
99 150 30 0.1966727507898658
150 26 77 0.35529748540395234
52 123 72 0.15315185596972092
181 266 95 0.4232364347474753
144 324 60 0.053595066284633175
138 322 86 0.36718263216428104
9 363 48 0.5486013150263038
45 390 59 0.9012660114432317
39 230 94 0.47037259433280476
129 383 69 0.39711509571604364
178 169 36 0.6756824623196385
189 360 86 0.4604613844222143
170 103 83 0.6391182889725747
45 3 36 0.007578033862754685
43 200 58 0.8604405457208512
186 337 88 0.5029780708053658
16 109 60 0.9187192358114438
