108 389 105 0.3176259198564908
40 142 39 0.27068752639465155
90 121 90 0.27682629248036617
159 383 87 0.164297969733177
156 149 78 0.5409665216426397
155 391 105 0.6319709211325609
50 203 106 0.2571690540964282
95 313 48 0.675010992997194
29 192 63 0.9751969231544122
8 35 59 0.7420146253595487
45 340 56 0.7216614279761493
46 124 32 0.10940082048936839
185 155 44 0.037754705875782335
119 306 39 0.8929399669787518
57 96 90 0.42677705160263557
132 25 101 0.8876195475994325
106 252 76 0.20010208829746523
24 333 90 0.19143410914839776
131 70 67 0.6900533003189119
88 238 30 0.24775470461007676
48 16 60 0.9032202525516575
125 351 42 0.4676422346046859
16 227 27 0.10625769684939734
46 237 71 0.2842773449880742
52 296 95 0.005118020270968637
23 280 94 0.2474180494209296
131 371 31 0.29061104641554747
186 307 41 0.630708185171875
61 161 39 0.5812927182712989
35 14 30 0.7099975634764487
105 391 30 0.2773403960280003
