143 351 66 0.7220143283757914
2 234 57 0.2743829399780592
140 252 74 0.479550611935445
101 189 35 0.8281327476236189
64 366 35 0.9861922184730108
118 342 44 0.45406909536961415
188 101 73 0.044909892015470576
34 400 93 0.16155465480047604
183 68 95 0.6677011728785458
162 362 91 0.025166932846063306
82 321 63 0.40184441604425314
164 126 44 0.6858238971858391
179 124 107 0.907513623134359
145 168 59 0.5955070599561358
58 84 42 0.9794699308027084
181 144 75 0.7068043179631539
158 162 35 0.6352300972920759
88 362 39 0.28953138991991456
152 41 80 0.8172691506421143
171 194 75 0.09884471034529319
118 66 73 0.09888082354888295
84 361 103 0.6568149452072737
18 371 83 0.17071633000343467
3 147 84 0.4574443667986834
157 210 100 0.42900304576279014
45 295 25 0.005829720649508596
144 253 88 0.43236956862078235
100 122 97 0.13064988182801884
123 335 77 0.26907255189817925
105 72 89 0.8010195547593539
