76 298 46 0.21433395885325246
132 57 28 0.6801178386043223
63 245 59 0.3743305265275505
161 338 27 0.7633419051856903
169 215 79 0.9616536039375834
155 147 48 0.29447917496607734
94 374 59 0.47010064354142256
189 351 98 0.0011639680015216314
196 345 86 0.8077696078788652
66 386 73 0.8539759841775321
198 248 25 0.6778599117502483
86 393 41 0.8326714222778967
12 152 35 0.03900970142013094
54 232 99 0.6545865940058998
145 218 75 0.8660271755988252
119 310 61 0.5759121895332162
139 58 27 0.18194427403884694
94 80 48 0.6372285404681609
100 212 85 0.6312793142567897
27 86 76 0.9993875517810583
113 85 38 0.28939330689422693
63 86 106 0.8381289364870439
168 71 40 0.7385029223011574
57 163 29 0.6950628548425755
125 59 60 0.17354374660486505
44 221 39 0.645632844170043
117 357 100 0.792148440925027
159 399 60 0.3747962626768093
91 110 22 0.6340539598561233
86 376 37 0.03343796306369107
178 8 64 0.18798251257578813
45 180 78 0.5280464085273928
24 242 58 0.9931975175250948
154 302 29 0.9103211690953488
72 195 32 0.5329485395338969
106 376 85 0.23372609141333922
