23 33 75 0.6571444772789682
3 181 97 0.33513224489880356
135 122 25 0.3714964714601324
61 33 98 0.11242650163026713
165 287 40 0.779179392998599
134 148 27 0.03085833559461082
93 11 26 0.0650405600528885
193 139 51 0.5720702114488543
186 242 93 0.7056337646779314
156 183 57 0.3470405505539783
152 326 49 0.26860191408846856
165 166 21 0.6437710675690534
93 147 96 0.25191093982467694
28 65 59 0.7515526213230892
40 377 34 0.27357587527892857
59 1 42 0.49077902887158176
41 196 77 0.6405296846585101
200 284 71 0.08912771520982687
55 112 56 0.3268534764306049
115 37 70 0.8767248945064348
8 203 96 0.9546398823261798
129 388 63 0.23410513001613142
41 128 21 0.9747652677748795
130 283 58 0.8188095720886951
