52 98 61 0.3400340893865923
114 119 47 0.5598578383009009
92 326 101 0.8179334592078643
131 77 99 0.3738745681648441
198 2 106 0.30262086942473154
45 367 23 0.7129903780532608
41 115 28 0.025513422003751507
152 260 107 0.014294806515585345
165 301 21 0.4024621332897329
10 64 28 0.017996273255285522
98 78 74 0.8535179154577264
157 106 84 0.22777094791517072
170 62 47 0.4630683454816671
13 181 97 0.3040858619775545
111 20 83 0.741264346486701
67 319 64 0.5792435335966876
15 317 98 0.8591162418563479
141 184 24 0.012216884462015853
118 284 83 0.3327467926715242
8 339 72 0.16182542331526928
90 62 25 0.9086753772042002
54 194 51 0.8493231584508906
45 330 71 0.24370561161431492
2 35 87 0.9933666517928978
55 375 103 0.9413079819595891
80 23 57 0.5545097845065412
150 382 23 0.3810105296076075
