54 266 98 0.3230980538522853
127 12 58 0.7630970638528881
148 150 72 0.9115205276921804
189 256 39 0.9081976006273977
129 147 39 0.1995740623809975
131 41 80 0.19680579450951008
171 4 46 0.03764306870231848
97 200 102 0.6978349457128546
165 184 88 0.5558841867644152
41 20 58 0.1467056272049777
141 311 89 0.6189004069509184
93 199 89 0.18501945149842702
123 18 107 0.6230665883137433
85 102 40 0.35565855532501023
171 174 94 0.14662392292908477
22 82 65 0.49900464999470706
13 310 73 0.6572195504068218
5 92 85 0.5331837471092419
87 273 63 0.8115196462204081
173 264 24 0.16511944554857572
50 125 80 0.6828441840414321
151 91 40 0.37646816121409254
59 187 42 0.37780212794951173
28 385 96 0.8925118243850546
