195 235 78 0.8153879331365642
64 281 60 0.3777020619868554
16 303 59 0.7694525714219762
46 261 38 0.22292660465411696
8 369 57 0.7712500086888736
9 92 47 0.4215763964593424
161 388 21 0.16617754973658327
172 40 35 0.10685661450115247
27 387 70 0.366410174564079
126 101 57 0.489505663622807
165 128 49 0.512787370791386
72 22 69 0.09339622183659746
144 26 98 0.5435363459336504
52 328 74 0.726324707833766
137 3 107 0.3491250366953669
196 261 59 0.14857638957300878
106 33 104 0.053618228328689455
95 86 40 0.0644843303449375
153 189 35 0.7679878485607812
99 188 104 0.717270177562085
60 313 59 0.8712188654654242
67 42 71 0.08340843658127406
6 330 64 0.15764507029423036
10 314 35 0.048094131056505285
82 36 32 0.8820891016424559
21 88 55 0.03852288515104574
79 42 76 0.19726483063808087
80 313 22 0.9511793068753505
177 324 22 0.5951194439309464
139 357 106 0.413352554363999
5 63 105 0.08881338793419224
26 344 74 0.7650691808014413
46 357 83 0.0530553251581225
