166 166 100 0.6091737929083243
176 347 82 0.3302907188210853
49 326 54 0.073723627269492
40 140 63 0.19048950962967515
129 218 90 0.3168074719909514
127 126 56 0.6839477404422326
76 96 79 0.6531128050947277
200 222 93 0.8259029960474852
159 176 100 0.8902175602518316
4 361 34 0.036409014742982526
12 195 51 0.47674144102797045
123 67 65 0.7618747726480168
83 43 43 0.3300336828291489
21 88 21 0.44669934688829094
133 104 83 0.36869805464691097
10 213 21 0.9764861813782929
173 46 21 0.733659657386542
0 140 31 0.9865716017530095
158 179 85 0.8037508676557893
81 206 75 0.6259606733966022
88 318 90 0.15217959037517848
49 212 63 0.028975053391425032
39 303 81 0.794025316739087
9 46 94 0.46944888483681746
195 77 54 0.8830098995448193
142 6 26 0.40108784501231554
76 335 36 0.9021436535264524
105 123 76 0.2192780028610265
134 242 83 0.7588512403487128
80 315 101 0.8501104145594046
163 196 86 0.6991313880680802
126 290 73 0.04715396640106928
