117 348 104 0.5715823556793894
91 193 46 0.1441397433817032
8 280 48 0.6161776251211268
132 317 23 0.6593937801195804
160 371 34 0.6909818522322236
16 107 66 0.5207849138672941
32 266 80 0.3171938637254952
189 44 107 0.500776575688502
55 252 98 0.6823997870909857
171 371 105 0.5630147344015297
30 133 90 0.7804387012602749
193 15 26 0.28057358868741133
134 9 38 0.06621554815027719
26 40 64 0.08878719605177021
93 237 72 0.3398659570505098
199 17 99 0.7707008890553313
8 111 62 0.664042735971084
100 137 103 0.4885004880862144
0 133 29 0.6512832386275216
68 103 61 0.3533169823082587
148 224 68 0.5286414320823174
106 208 76 0.0790073190399816
105 49 94 0.5087623816758926
140 59 107 0.5573259256555533
15 351 107 0.42680663656799456
120 6 43 0.7235680816046015
126 207 76 0.06377289879650505
150 319 35 0.10667874062237503
77 363 35 0.2659566763268232
54 326 107 0.5421833624841149
117 72 37 0.19347414417441589
31 107 78 0.09118870377651389
120 185 47 0.7220624531989814
196 294 64 0.03679519042364321
142 45 109 0.061228071379517024
76 121 61 0.5481202048944849
94 100 21 0.46581631777690835
143 331 79 0.9400232455327538
31 256 92 0.7752888408437111
136 104 51 0.8396605175685988
149 337 32 0.06386443294185495
