6 316 38 0.0131849382094692
56 149 38 0.5896601150553981
17 79 90 0.35311154941233025
116 11 90 0.6605815676381437
164 50 40 0.5819990911480946
67 319 84 0.6459036178534717
54 350 52 0.9326188827167398
131 213 55 0.6115532197976452
141 186 75 0.02321140967137203
92 222 32 0.1260531753645675
144 363 92 0.5418637760751149
51 256 31 0.44883475430083963
129 206 39 0.2423681072812527
77 103 82 0.2335327311570089
121 386 67 0.7863577004173825
53 298 101 0.5544543999967976
142 39 37 0.6872552914408167
156 31 29 0.5018361268867503
106 202 59 0.4043581461013531
169 321 30 0.4003677214843395
46 352 84 0.9590718895616858
52 61 108 0.41062846189943325
139 360 33 0.4924126204424072
117 104 31 0.39801179359999406
65 337 45 0.03787407319271774
39 235 82 0.3942401604372624
153 16 71 0.33269064700375706
152 326 38 0.16209361112275322
143 243 88 0.7489244401074079
13 139 62 0.07655218010754805
104 264 27 0.3316252444553641
82 91 78 0.9846869445002204
