87 309 50 0.13335863867940934
160 211 96 0.8059241232822844
121 398 25 0.4173345793608657
79 122 53 0.1998813803291667
87 293 90 0.741994813517882
7 68 25 0.3113769981131286
71 376 72 0.2017556218886487
10 36 106 0.24855093794194127
161 20 85 0.6924056018719725
197 280 92 0.013464046208006342
97 362 77 0.8066257991195256
127 2 48 0.2026015322425454
59 337 74 0.5472451106464988
101 184 86 0.18028319809832039
8 66 40 0.5135258195739425
72 166 82 0.41410062523428715
43 17 74 0.6896361167751802
187 368 97 0.7404453411827583
112 335 40 0.29046957282604047
30 252 79 0.7826877674611349
30 270 94 0.08506999662071224
29 391 32 0.6319567538417759
90 238 52 0.05464907564331911
87 76 91 0.07925232171808749
112 247 51 0.17502584363587892
30 27 56 0.37307729951648183
16 219 106 0.03307423599829962
149 10 67 0.22490722473836988
54 70 71 0.28943337095883936
104 218 68 0.09420671916097134
189 122 105 0.014548330552966338
51 21 81 0.2892423818800217
1 220 63 0.8614186483053593
