37 87 33 0.4738824463375447
49 270 43 0.02339039904425866
33 67 37 0.5407090918665881
163 233 51 0.7760074239950348
102 92 21 0.24256692845594074
70 42 63 0.13133092413420122
133 186 68 0.0614923304043381
80 192 75 0.5465140550875369
122 208 36 0.45896913323668875
45 118 91 0.7456700990687173
48 217 77 0.7526211721162488
183 138 28 0.4841508792377943
67 269 44 0.03933873602520832
163 327 89 0.41935076294350404
133 49 92 0.5612652237373308
92 159 87 0.9276931279948282
40 5 74 0.0833664785843411
24 118 71 0.3705774883218369
167 41 62 0.6770593035108281
145 234 38 0.8624454796107206
71 109 95 0.07867303744045628
86 38 30 0.6355368481681757
155 211 106 0.8992904591511234
71 285 89 0.6342765601084015
128 372 107 0.575572652150331
162 289 102 0.2835696746342684
38 108 30 0.2533977732617353
194 96 93 0.25426800973595576
