80 161 79 0.40476094318432565
83 314 73 0.8394520410442061
65 397 29 0.566275352816949
49 52 106 0.6354175483026226
154 110 101 0.32160729705206437
73 192 90 0.6132341708683771
115 59 101 0.22801946915310523
170 72 59 0.8996100443445023
101 145 26 0.8811913773333491
193 362 77 0.3253810750491417
113 136 41 0.5760874954951992
81 191 22 0.7614895251424357
155 300 96 0.8968859855702039
30 299 53 0.6340173836809553
50 172 27 0.9315488397012164
67 314 28 0.9252751272856133
81 155 63 0.28029486179569596
178 271 94 0.4520480473660956
118 62 104 0.6225110212623352
86 76 45 0.47789380975707174
1 252 60 0.19357152491214735
