121 244 71 0.5896209563988275
187 135 109 0.15544713836178303
28 375 94 0.7580435291926223
74 93 108 0.16276193311805576
194 135 94 0.8948146171046722
32 101 50 0.2538665645750019
76 180 33 0.8889424094054629
3 249 85 0.531271669915948
76 33 82 0.29598723508621616
24 92 34 0.9483718150797386
116 79 37 0.7547231441419313
50 251 105 0.27136364525212586
89 136 51 0.2818929344167639
158 296 27 0.6869696499176985
83 156 104 0.820913811029551
51 325 68 0.15697305395836803
171 342 55 0.3187325908922568
73 229 40 0.3001725453014882
16 264 31 0.2708685038787898
151 327 34 0.24812675364463221
103 3 39 0.3791014000862918
41 393 76 0.8798572449551867
149 109 80 0.5667524126187813
188 123 72 0.8390581087627588
191 195 104 0.9951879319716005
182 84 104 0.8409257452992682
39 326 61 0.5473656632165902
115 114 84 0.34563252905779984
