116 231 82 0.1262573079491437
158 46 90 0.47236566374641
199 156 30 0.37969912399451167
108 135 44 0.6639256106969483
70 106 104 0.9585550190223298
145 399 36 0.7899779396638594
14 356 108 0.19416548063715566
115 377 69 0.6347795729380972
39 177 71 0.9620499392613644
56 171 87 0.9417179163293014
59 203 65 0.7372678420159714
112 202 46 0.8004259463865094
181 397 36 0.9939167652027728
172 358 43 0.782944662268794
25 27 96 0.8383732164945907
61 316 65 0.664656992374168
62 92 71 0.5436948047746423
53 191 106 0.5340178175727184
26 77 28 0.19275619204618988
181 303 32 0.804405605244764
146 376 49 0.9230996419509926
141 284 99 0.933646703749473
2 41 84 0.6372990940987296
17 296 91 0.49411433131434757
38 114 63 0.16745847569806616
71 72 86 0.07669078641807081
179 359 92 0.8299457108592906
175 128 64 0.6845541159698388
164 4 40 0.8006031607306264
149 8 60 0.7980855972930717
24 162 57 0.853638325949474
