164 77 29 0.34148600946862784
44 268 52 0.6582021178873134
163 62 102 0.9700295570695054
34 79 55 0.1630775008653952
133 307 88 0.2109262505959576
187 381 48 0.32403713941393764
126 101 73 0.5956785935957296
64 53 87 0.46467724739929306
113 139 65 0.46739924317998827
117 197 40 0.0043713177891582244
118 127 63 0.5733278408859565
37 144 30 0.5012419597194817
194 347 46 0.3580712993724937
81 70 83 0.4817059684089261
113 365 72 0.9435749264989467
39 376 67 0.56979216129806
175 207 25 0.26811524811708765
131 355 26 0.15289097293640042
64 165 75 0.7796173934114361
41 182 40 0.08982763471447308
173 325 84 0.7956060072036185
15 73 69 0.7167162661822603
192 64 86 0.46078075341042213
28 75 92 0.29436001545345425
144 341 100 0.4588543610660575
180 325 96 0.7261878308216353
0 118 105 0.40571809618313504
