172 307 104 0.010791347866265899
88 47 106 0.9267292008519558
184 95 106 0.18569566374252722
16 357 41 0.8411000487763224
62 231 56 0.8673693801349263
106 25 46 0.5119015741624593
103 209 48 0.7312935478598449
37 58 93 0.9868336183009907
3 46 79 0.26139977971163275
14 269 90 0.9622583476236022
115 340 64 0.741115569967551
41 214 44 0.038974134567819174
87 114 54 0.2732731769188712
13 372 69 0.8689011980396539
98 66 35 0.6353617360562511
184 312 84 0.32496472146883904
32 121 51 0.85031053085908
176 249 72 0.7608472822465254
174 308 24 0.10073767272984868
80 387 98 0.08994534821153488
7 73 93 0.419759182908802
20 175 84 0.29103880013710703
184 359 43 0.42305332710037846
21 250 103 0.05414986838354363
56 64 61 0.1994652435952241
14 166 78 0.6166256981952692
17 231 71 0.684741370008104
27 147 65 0.7006001779190016
