152 340 36 0.5614582836933271
124 369 55 0.5689452333985966
64 40 64 0.40979322251696537
122 125 103 0.3162262525466142
47 217 72 0.24917793703728774
171 324 50 0.8799067419308453
2 178 57 0.5163391308623886
126 282 71 0.5633800008461246
101 145 54 0.10552158628635366
117 74 104 0.6229654031112833
152 387 72 0.22892681544122406
55 271 101 0.585526638708358
115 280 100 0.5324821078755229
39 57 30 0.719127100214422
45 310 59 0.3464388211873004
61 289 42 0.34329020827082746
56 290 86 0.29066497998358454
26 188 66 0.39820365049601747
74 93 56 0.7577662212833471
127 27 105 0.15966710094397385
48 331 59 0.9852593456657938
14 50 108 0.11514075353708997
188 79 45 0.5660630712930945
149 369 82 0.8528280356592001
73 147 27 0.2868303085334931
107 209 63 0.3791061966074961
114 29 82 0.9790413549225695
79 355 107 0.9349685224998586
118 399 62 0.009734274224124873
111 36 47 0.8269181288821978
56 112 106 0.2284816127082181
130 135 65 0.6600847497858319
25 72 77 0.4047306078035958
