115 380 50 0.5782746753490509
21 117 38 0.17453369325956936
191 329 97 0.14687195944683673
18 247 70 0.3320665551762483
85 263 30 0.8680754059462228
148 276 101 0.6965640139513037
3 272 42 0.20404238649338002
75 303 64 0.1380366511406994
54 357 106 0.40249135657011315
80 319 50 0.8943861117982856
31 400 22 0.24737165225903157
167 68 39 0.2451077332671454
184 221 72 0.3779415800342557
39 173 56 0.20682672479724717
142 127 109 0.2358714376873423
118 293 54 0.9281944032069993
18 118 39 0.7069974961059691
40 323 77 0.21531521908776408
70 47 86 0.32289415987918413
23 259 52 0.18329474786146593
172 287 58 0.8060779369590083
18 163 40 0.3517776435908473
20 231 53 0.140679958011647
169 388 97 0.46434368392374736
109 318 77 0.09177793752466723
179 212 74 0.5618273944339959
9 321 23 0.8559799920923702
90 376 36 0.6308318096352199
70 117 44 0.7901516818197699
30 355 39 0.8783319623596395
