200 370 72 0.4776148081562924
78 375 40 0.3038449572600964
12 243 23 0.32645202197259193
16 290 78 0.9855522491007566
28 272 103 0.6682784631872123
5 260 71 0.1780791525137383
5 391 64 0.2381824047514448
34 110 73 0.3804896166112224
122 211 34 0.6192722528377014
111 223 44 0.5939267467802292
44 83 36 0.33559294947856955
198 290 101 0.07836659886595165
12 363 43 0.4766400984228777
86 141 60 0.8134574744636901
171 261 67 0.3937834915543197
149 237 30 0.6205703679512511
90 140 89 0.26525196049781286
61 163 90 0.5851576677658753
10 63 41 0.6928784036247633
139 98 65 0.1588253702290784
36 169 79 0.5069028914873209
98 230 81 0.8998843189722803
59 374 46 0.34028573830162623
187 371 91 0.987115591076617
198 39 96 0.49295049053321593
173 204 22 0.6487568123225784
6 311 53 0.9401367449515509
127 39 45 0.8704247083616465
183 290 36 0.0005207316705930776
