100 245 21 0.9337987891575782
91 327 99 0.3852897813574937
181 249 49 0.9956440801250844
31 55 30 0.6121724401588895
14 171 46 0.3592357693731073
66 383 35 0.21295136298913908
23 101 43 0.06273545187201357
73 395 77 0.11431272671229598
151 83 66 0.722747045238973
52 71 85 0.5194089649930084
22 381 103 0.41754909493613
114 153 88 0.8281510498466415
79 394 27 0.13659010450381814
42 340 93 0.7395149710147951
36 204 44 0.06139900455927094
83 109 37 0.8097150661508445
108 145 81 0.9503929376225746
135 256 73 0.7262380224759982
108 275 66 0.3352948882200646
50 87 51 0.44968101459770604
44 71 23 0.8075009174705012
22 4 92 0.7641349144542204
67 72 78 0.19049127644567343
75 261 27 0.01870497928276249
91 219 84 0.44115466965664674
0 205 51 0.3489137559001271
100 217 83 0.17199682453623977
