132 76 52 0.6969859677062192
84 49 48 0.6915361986107847
152 97 31 0.9559095846204098
75 1 58 0.3640465861484067
101 42 89 0.46439963832383213
136 218 56 0.14048301764964277
35 54 53 0.6282134021117721
115 150 107 0.9591760531842254
97 19 52 0.17539021441720215
7 70 60 0.42302008441637107
106 89 67 0.35476361997544514
30 353 21 0.5996589757702168
199 27 32 0.28955044587596823
70 170 59 0.3089507197332959
11 286 26 0.9092129278677022
171 341 76 0.9008932226208071
61 227 76 0.8127351462047816
40 105 77 0.12697919244984424
119 28 29 0.6302543831043376
93 224 83 0.2605985983273871
3 122 91 0.5659029711852959
143 88 61 0.9984457573887145
53 151 104 0.9601668334246873
2 391 79 0.9656956048045812
72 338 78 0.8580554964676326
127 329 72 0.7432560033127761
137 346 66 0.5335008944195037
161 271 82 0.29769996334399407
109 359 28 0.9738020685724531
99 35 87 0.337814271410939
173 257 73 0.6676203884822727
68 127 61 0.21030700836063
152 77 69 0.8830165625037913
105 318 40 0.4275251006916094
