151 160 24 0.9588702046530231
115 307 42 0.8454320784189343
17 264 52 0.4837948154465488
115 368 69 0.777517281650478
80 193 29 0.47978241125370413
119 138 41 0.9215027858691555
91 379 102 0.8561255684973895
129 160 68 0.10838801923018515
197 62 80 0.26476226321661467
111 139 27 0.3864881580429116
77 292 65 0.3284704427141443
191 399 68 0.7615778952188257
90 18 87 0.4043282408492075
8 136 92 0.46188586895755923
65 349 24 0.5462779929264395
120 274 71 0.06590115307140587
53 225 24 0.7959609127046404
195 145 66 0.2051492471673606
85 268 79 0.7826986807700058
140 281 77 0.26727315854633715
93 270 65 0.26101298446637944
26 185 64 0.2271270451400409
105 111 28 0.767208791568108
35 19 67 0.38219799308408575
41 80 88 0.33085578164876606
74 26 25 0.40417385642302595
60 294 76 0.6644676691111252
189 225 75 0.049209124954788463
148 212 93 0.9105318961865156
97 236 23 0.13614310778152794
163 30 77 0.3887525370077062
123 392 41 0.9571237932268388
