6 23 38 0.336085196966745
29 25 80 0.09156685566360478
124 399 91 0.03737938862059276
59 182 57 0.6319753455336221
185 170 37 0.6405754197158444
185 153 91 0.1580652065821222
50 388 43 0.001933813729734002
113 333 50 0.587391035837767
82 38 54 0.5888445230439207
107 78 55 0.2764814052115334
87 196 83 0.6268603699976725
142 52 85 0.7204122182852152
48 51 96 0.5900890521542399
175 215 36 0.22752985884627908
19 279 62 0.27380998911277576
2 57 71 0.24156054835291885
114 181 62 0.9972920277026692
102 314 103 0.3143456980416357
139 165 51 0.5872382969305922
20 73 92 0.9454519828442253
43 23 47 0.6597787816764974
86 355 85 0.4909131724558027
96 280 80 0.30692039073617383
151 236 39 0.3857506751105919
114 242 94 0.5283224499157454
57 257 75 0.8546454435897025
