156 90 109 0.13790234101804388
34 254 81 0.959739870729794
165 165 109 0.5286484092168466
138 162 74 0.18569138443252675
27 304 98 0.7230283565733221
37 304 89 0.10385556474426305
172 281 109 0.7556688802682473
30 38 105 0.701981563343632
31 321 102 0.5575029259515388
174 234 24 0.7943723570209164
156 322 44 0.8647893934040981
169 313 95 0.48150043029799694
137 238 30 0.9681448048454946
48 225 28 0.5047198466864227
1 11 61 0.13783494572687582
41 376 101 0.5440267345906913
198 24 87 0.6502659660686116
1 348 29 0.3665441664092095
5 145 101 0.5411780326506188
63 206 45 0.5970104636251828
142 90 21 0.7954164515926933
3 109 21 0.365929165563326
156 355 38 0.8947425620753863
181 313 97 0.39715449905229494
104 147 93 0.30477674864797033
60 70 34 0.23841204752737444
46 23 106 0.6570147828556563
94 198 88 0.16581553119784131
29 365 66 0.04134988281343488
54 379 106 0.19068293873311415
129 60 77 0.47931149073407064
83 179 43 0.7831505229962615
16 54 33 0.10515612741025537
71 201 90 0.4219159653630288
168 110 54 0.2548637668259005
186 322 72 0.2837775323494709
