112 367 31 0.3859307932566005
81 26 39 0.7147039620657615
50 349 94 0.9525660965946985
150 147 30 0.7679523987447545
44 11 98 0.8426170090869706
63 99 77 0.9775147426989179
89 124 60 0.5113154738502763
170 293 25 0.03318130502106198
59 219 47 0.18818988914942103
60 380 45 0.8127605984745462
76 204 31 0.9924768175968361
150 218 33 0.3412441689481469
71 70 33 0.024771348335157706
137 134 97 0.04600418753625146
138 370 22 0.9279170550960637
108 244 104 0.5508995026519156
9 387 88 0.966148867564048
8 146 66 0.6202950303140732
176 244 94 0.3643725136883227
8 250 65 0.20852359771851692
151 281 87 0.5406906510941848
81 367 89 0.755327272791478
164 237 51 0.8801001490097469
8 196 48 0.9636480454188047
139 64 24 0.21895088563554865
20 77 67 0.014074694033836432
64 46 48 0.5918714226427046
132 97 22 0.2997822289705955
14 336 40 0.16007984304398637
128 62 89 0.5877398124157608
91 61 21 0.33093039615997044
79 46 103 0.8354233151085738
111 328 79 0.4998473255343442
144 252 90 0.873550004221741
15 208 97 0.9986601523273659
38 38 27 0.44572796340678844
