178 114 31 0.6898857892154904
70 387 102 0.3830075619631732
115 62 106 0.22323685344050037
94 32 101 0.056926787868648576
113 217 22 0.0530248426116694
114 316 96 0.7843252024728005
87 220 81 0.8004692105254243
151 309 30 0.6310069391572672
128 245 107 0.20541317692523708
45 292 24 0.72694724980266
137 356 50 0.548416313522101
180 314 72 0.44113692573233976
89 274 63 0.6343585049431107
91 48 60 0.8749727230031195
161 188 74 0.653128688258757
131 24 59 0.8442813634044903
91 111 34 0.5852723480529085
64 273 105 0.2889422046043262
131 34 76 0.8438246621143802
23 359 65 0.632568906273369
65 94 25 0.738857925220461
26 180 56 0.023724486803244238
