162 343 28 0.20331631133647954
97 380 43 0.4022321282663448
112 377 81 0.6087924077847253
164 17 46 0.917995941603376
90 39 29 0.8901065662920787
57 67 89 0.5123389091765698
104 244 30 0.5600588195405636
168 241 84 0.13735572624538983
25 303 36 0.3858451745729785
142 122 56 0.6152395937193207
80 270 47 0.7303287060996588
12 318 74 0.8926442639443284
129 239 60 0.8179404759785102
150 299 99 0.9824332072521513
127 352 79 0.32227175424095356
153 323 77 0.1860980019063595
187 115 102 0.6758374744516381
25 288 47 0.011698992754620163
63 226 84 0.4761634730659833
148 132 54 0.19327946346491676
