51 376 34 0.4164016274504889
181 335 33 0.22441212515864783
9 160 50 0.5319715091202906
55 320 79 0.011235701390286512
185 140 92 0.9962248571833543
102 126 96 0.816698867127415
5 25 108 0.33263508404390185
135 358 75 0.5328853270238616
192 37 101 0.5188466925323486
155 386 54 0.747832125750472
111 92 57 0.46561557165983136
64 38 89 0.5452493779877566
118 269 46 0.7419990571927816
65 360 25 0.6871453247795635
49 282 92 0.5436621270235781
64 128 80 0.12363571647083815
95 384 44 0.8660708320624475
181 68 92 0.9684039205594448
42 120 97 0.814949845342848
67 207 21 0.9109027063825376
