72 163 60 0.30501692722559537
45 21 108 0.8693138404667002
78 3 69 0.49504674478111466
200 110 43 0.158209377660678
147 237 96 0.9447717939316179
105 98 93 0.07531960992458309
26 72 29 0.6368174314654022
183 371 84 0.5113072006416226
126 391 66 0.9613819300996902
90 355 88 0.9159776158415761
25 14 97 0.7508282049042634
187 190 52 0.38355514128786994
30 38 64 0.45140771362594045
4 69 98 0.07571365438166744
33 87 68 0.30269211881032754
74 72 109 0.2751686360672174
60 180 53 0.5053372261868836
132 199 63 0.03889876027828654
97 117 90 0.4948578058361891
33 268 77 0.6754136415226164
66 88 93 0.3538910328428805
59 296 71 0.998644354379947
85 92 60 0.6304111016399818
130 102 24 0.37028555694060394
15 355 21 0.8861065703351587
