130 150 60 0.6470302656316115
53 110 62 0.375610960163944
56 351 35 0.1368688810995855
189 182 57 0.16048828247622526
42 263 80 0.745897023376993
129 159 100 0.5346452815767206
37 36 81 0.47738942517359906
117 385 51 0.7640623184410327
186 201 56 0.8175160019002343
154 331 27 0.44349875239272163
114 295 73 0.8345124456538827
88 277 99 0.8908081823063836
117 150 104 0.8967317080060279
173 32 71 0.489656144264771
75 228 65 0.7315763502482148
78 52 94 0.4383832080053549
35 242 90 0.28251553296568466
124 102 75 0.15112067751073488
37 386 86 0.6019511406079786
91 342 91 0.8711040995458641
106 347 32 0.3574419049428119
56 6 58 0.17644586505202775
111 76 89 0.9083256070614888
71 293 47 0.036662968735374
132 374 106 0.019421907307492825
48 157 42 0.7619523653806095
197 287 93 0.4611487564537333
