79 32 24 0.7183380583537868
33 267 79 0.2949128594200622
144 381 64 0.09318456204060444
134 324 76 0.07109392795693503
38 115 70 0.8034504054903443
106 218 65 0.18849297669984355
45 5 97 0.6318968541362631
46 387 24 0.3735118147081149
71 388 83 0.021174965370542864
169 345 42 0.4658184145097637
50 127 100 0.9574953847213289
102 261 69 0.815362661666163
26 147 92 0.7859319335398094
95 138 69 0.45614061995573063
74 3 84 0.681020270864884
168 384 38 0.031874468857483906
30 128 61 0.9275456533178134
169 382 21 0.4704715062341317
81 9 49 0.787764951175392
161 240 43 0.6686108749248884
14 358 22 0.8288480450149388
118 244 99 0.9931071916721775
70 93 75 0.2774912817245584
81 376 86 0.3079110153013501
23 89 86 0.37791771600439206
143 137 51 0.9875164879029784
