84 344 57 0.6775966860928191
161 225 90 0.8433345438334194
76 239 40 0.4276708188381134
13 331 89 0.7595948285394023
116 6 29 0.69267986524881
10 314 89 0.201714387359739
121 79 55 0.8716887598028327
70 300 48 0.48343843721395485
42 149 81 0.5251373815074523
178 255 86 0.5331053784420439
140 85 82 0.6013162336288349
37 163 47 0.48006038131656814
61 218 54 0.37465474045728553
146 361 58 0.17654697593610835
7 75 83 0.40727316288707494
115 8 62 0.9418440161313769
182 344 75 0.07503923505060983
84 103 43 0.02192656230510248
194 359 103 0.20866092203180975
125 230 92 0.6110325999475522
88 311 60 0.5161694843955784
194 144 88 0.14302488949323577
64 70 83 0.5757057012835457
93 364 57 0.7144149333511596
115 360 25 0.6883218547644054
148 128 48 0.5184351373372408
