145 64 68 0.86556228200967
59 364 43 0.905276086655366
25 263 106 0.13135839453328346
60 258 58 0.6833368216319949
89 176 33 0.9345847701907483
67 89 51 0.5133673753786636
94 88 52 0.6897224483120791
78 44 109 0.41960700675094975
169 198 88 0.4734687471159522
49 387 109 0.09508834103055275
88 173 90 0.919571681844633
0 319 24 0.33634329733984814
134 130 23 0.6597228268576745
17 262 107 0.42312289263451675
10 390 51 0.5207802488258385
161 393 31 0.6933171028186583
192 319 25 0.11280593394976501
41 398 37 0.10172633145074594
6 339 64 0.5045719486966085
85 247 44 0.511947718753054
