59 191 35 0.9200624559376125
11 230 60 0.09117211019340421
54 369 86 0.9271823216537783
86 122 108 0.09453387017419357
109 230 45 0.009884641164260133
145 128 46 0.4974086543038698
15 122 105 0.8861563122426018
43 154 56 0.48583767168603287
39 299 94 0.79788444301718
104 68 88 0.049748364477327334
15 15 98 0.11742241598629721
88 7 105 0.9749764339236733
191 158 59 0.7842418201230629
135 220 24 0.8926851684797948
102 276 57 0.9968648918279004
134 375 69 0.24726473687489126
111 103 105 0.31013284355860105
69 387 69 0.06434500723480707
18 269 55 0.40093000357683484
197 203 65 0.9267205429785522
74 104 35 0.6840469873328674
109 345 59 0.2715471359298717
163 129 26 0.9545456713854286
197 115 90 0.35668652871483086
170 195 93 0.4873614036449737
26 400 106 0.625017447434688
10 318 72 0.07334392172280269
60 45 21 0.34652733981716244
132 169 30 0.25113364263780247
10 308 21 0.271879845653453
57 263 83 0.8100963027747754
37 399 51 0.05420985075373175
70 211 97 0.4888118643184768
139 169 94 0.03712972989395591
