43 168 40 0.027990500560632237
139 124 79 0.17947817358237073
192 146 60 0.48041120420520245
191 174 59 0.019023662188419332
19 257 41 0.051933814638890796
110 253 35 0.022546368380889747
175 58 48 0.006011564933832814
16 385 83 0.3917815500533841
146 114 61 0.22987040427156036
144 53 55 0.988375794336973
178 150 90 0.04750872587142685
111 190 58 0.4694433892500982
40 389 53 0.2877209919723196
88 171 24 0.21243788249082607
61 135 46 0.30631567465003595
57 348 34 0.7493796330769191
31 155 23 0.9140448411368678
141 375 94 0.6268547567880308
24 37 84 0.6394951230689436
167 99 99 0.9944690404389238
44 114 108 0.5250691715880228
156 156 86 0.23603876945268
59 248 30 0.9215019764904991
161 130 101 0.46145937453677943
43 270 21 0.9628268062843566
110 34 90 0.6322762804075446
149 280 105 0.3751651756164085
41 216 73 0.2319881017086648
111 246 84 0.6192115841097069
