55 264 53 0.7029269097312831
55 350 36 0.08457469621360025
183 189 101 0.2984734343762596
129 33 35 0.6449827693116157
177 309 91 0.3548394448315353
200 251 32 0.0008385886188112535
50 96 95 0.07458825047480355
183 204 102 0.9674848670488387
26 332 106 0.30369272235097955
130 54 24 0.42873451151971353
97 350 105 0.633607798074458
119 346 48 0.44616604590086684
28 389 21 0.8294683042385003
114 390 30 0.9740287116367714
38 76 24 0.9619465447260359
79 352 42 0.8852769846419519
21 273 47 0.8757560740980783
66 71 61 0.6733990919636494
189 325 48 0.09751539296497813
2 36 88 0.5840228114338769
177 396 106 0.060858472064705516
72 236 96 0.42772008422217056
107 111 22 0.6037786460591508
148 189 21 0.5756562926648963
46 391 35 0.7778550576130916
105 299 84 0.8991740037785919
