142 199 96 0.7692030204682426
11 253 81 0.42964513984472763
100 400 97 0.8784167926422648
79 171 92 0.9496485911517132
65 116 53 0.16387473687254495
193 171 85 0.6109161510361185
161 361 103 0.5364318455132803
88 279 72 0.7641093714976693
23 322 104 0.3896804143184641
49 4 25 0.12629295657491435
19 210 57 0.5770248238598407
25 186 109 0.22189397470887584
186 42 91 0.0948773504063457
20 29 68 0.7558475505398842
10 152 48 0.47908755088326127
79 163 49 0.585610095546736
12 337 96 0.17147711107093888
132 365 96 0.21339127346450826
80 320 71 0.07979629515365283
182 115 40 0.95613684590103
58 159 38 0.5881378244652277
100 274 37 0.6630181804593537
81 229 25 0.6981768423098287
151 56 98 0.005492309778111104
165 183 94 0.8932801995946669
184 104 70 0.5714692889663109
31 204 45 0.41587967424915595
189 340 38 0.576874469012596
76 210 99 0.1357951768912642
88 260 94 0.525235097819742
108 299 41 0.3228051729281062
