55 53 67 0.9040839886129106
143 120 45 0.16428300194162637
115 26 38 0.5763255808350889
158 241 30 0.31102401143102587
154 288 70 0.3511372092961933
138 18 96 0.8020713172160149
2 282 37 0.6376532659266038
156 344 87 0.29953384119241533
170 352 23 0.6632778810163997
30 283 57 0.10435735243878363
91 187 60 0.6154304599133855
31 173 98 0.7850820589836163
199 43 64 0.8276700628214626
114 182 62 0.9504871561564547
89 92 38 0.5731546705854654
158 129 28 0.3427456734495884
3 320 56 0.8577513816746262
133 235 34 0.5505247086267174
155 108 70 0.04721644218947907
137 376 101 0.09076629800958258
94 314 66 0.6559177383615425
149 156 99 0.8047191220889047
32 326 32 0.3613564255688575
63 170 84 0.694794065552908
193 290 75 0.5728999039078335
144 218 96 0.651067035219145
48 216 109 0.5989030278367641
68 43 103 0.8912055369544994
128 374 99 0.07483696899219616
0 99 30 0.20624113744930106
72 198 38 0.4655228031813895
