81 388 24 0.047245913849695564
86 114 84 0.33855974739423556
140 51 29 0.1596526216329044
170 334 62 0.600054562412558
106 358 28 0.6643405909427256
148 242 68 0.035717394782679324
166 197 47 0.2686051522899674
63 154 77 0.48413073224277237
171 178 107 0.19920344445821214
120 64 78 0.9552972576711594
48 142 104 0.8753752200043496
121 387 50 0.810390368070494
4 268 103 0.7789486808484715
65 55 63 0.7723329423155276
70 396 76 0.7601622975965142
3 287 84 0.03507099140293324
60 40 60 0.03531198688100001
152 386 23 0.6983500087323391
197 123 106 0.6837476145406093
27 384 57 0.8523106888120109
199 272 82 0.8288618840168185
99 274 29 0.9005976748041079
31 301 22 0.1206530411189326
32 41 81 0.917300321646666
171 49 23 0.5869701690967226
164 173 38 0.30131598920583147
110 183 60 0.08337091313379041
8 381 63 0.45339146961168064
139 3 88 0.6756800326693513
83 223 22 0.9556014203791074
114 73 29 0.621708623445171
188 41 29 0.24843121719308625
45 382 35 0.384932343029571
142 300 62 0.7947491457253306
5 153 102 0.8861663131868645
150 389 101 0.8282213142509383
27 299 76 0.36426294797563785
85 48 34 0.6314641437548179
57 90 54 0.7651590146309528
195 119 88 0.09136184439804074
