139 102 89 0.8064161207628779
96 217 68 0.05113102215553855
185 386 25 0.053927414205360624
49 45 89 0.49412315762794345
34 261 61 0.5890656188934091
175 284 71 0.1030828502725114
193 300 58 0.20068883805258464
161 240 44 0.15339382173163585
66 161 67 0.4989845251620625
39 146 84 0.29229401098695584
33 177 34 0.9977302026542896
71 244 52 0.31416361632968826
178 173 45 0.7513013873165054
61 83 94 0.8923462956933925
176 113 54 0.9942094837045339
60 151 61 0.3879024386088801
16 135 57 0.11228552161332361
19 282 27 0.6191168434912624
8 272 75 0.06202814890543651
81 389 40 0.5891953363428477
139 2 97 0.7211009022100247
102 54 49 0.440321287720861
