81 48 73 0.45696440487441325
44 71 102 0.1241987145936514
164 387 87 0.9984234416200564
104 400 21 0.8212328758557405
49 104 59 0.6552293800720185
21 235 102 0.9173062602613622
134 332 53 0.5538212762277922
175 221 30 0.6067506087789778
59 182 65 0.7726275451025217
131 166 40 0.7602398056937336
29 333 73 0.5933380703735834
78 7 45 0.27353613869782256
143 245 76 0.9522438044976117
154 274 52 0.6205828255074148
96 264 46 0.3124809536058033
89 383 104 0.6252752457043002
129 119 31 0.3347714402543288
9 311 83 0.15249938411656505
197 354 59 0.5552537962211249
44 81 21 0.7120372795775379
79 97 29 0.5130504055122707
