101 158 26 0.021381192028208762
198 352 56 0.021187338093728636
89 202 60 0.8009458355824068
36 244 31 0.17625502243839009
72 304 48 0.9312589902613921
33 182 22 0.11742657255586564
47 119 60 0.18135522994166609
197 265 80 0.37248926753893663
179 64 67 0.2375310051453272
140 9 72 0.400847629038944
108 344 69 0.13255362053108455
136 128 46 0.7700645525014534
185 357 35 0.3814644458210703
175 95 46 0.17801217202756026
83 235 94 0.16401453309118896
20 330 29 0.9892552298850895
26 234 87 0.6822249838294379
8 16 100 0.6227033497118784
186 139 107 0.4397496203369672
88 378 102 0.48291508583938236
186 50 94 0.9730757256955843
153 124 67 0.3865925884673759
135 395 61 0.8536027560906284
47 88 80 0.7119556279303648
148 175 74 0.4599933170589917
143 356 60 0.6241031824650116
54 19 85 0.6967061031849612
135 15 39 0.25256050640739947
200 212 85 0.5067751643852227
55 158 44 0.014582757840800653
149 2 87 0.12053294455883323
36 101 32 0.7731669604622945
