174 243 94 0.5821197746475004
82 300 104 0.5339277750472889
138 361 99 0.9504232699458713
98 211 43 0.3752655011010917
161 209 50 0.48767993693075573
65 358 42 0.3331701542615745
45 116 90 0.2660572042295817
53 119 101 0.4986996899202464
99 64 109 0.8648691725842874
195 323 95 0.8210588809565743
85 136 58 0.1772817749196397
39 206 66 0.7035675050759417
145 142 30 0.5153895618823994
16 116 101 0.6260924372649833
47 227 43 0.4763966173878472
112 129 99 0.5055957427099331
12 8 67 0.8383498855023546
1 273 53 0.8325284517593663
31 49 107 0.26338423582044246
14 139 80 0.8019184004978824
2 46 33 0.7680081324689738
37 292 70 0.309502351329764
177 13 31 0.09968955186845674
62 109 37 0.8819087962849811
66 18 21 0.23836853417092674
147 378 51 0.7218714918605792
118 354 106 0.6036700105667699
79 365 61 0.6298744876796019
33 359 89 0.3287028705816265
192 215 68 0.015030973794860736
109 169 86 0.7410021666102153
91 305 78 0.8236766516823738
128 124 88 0.030896654719033023
39 86 21 0.170581217460553
