59 193 97 0.19561496687609092
181 116 43 0.23364360737644452
42 175 62 0.959873430147966
142 310 103 0.496413110171085
135 279 48 0.819963059991993
125 267 95 0.7293274760790693
43 236 32 0.07598566718028088
92 316 72 0.7024392790827997
161 357 61 0.6050006324505001
57 237 24 0.6063823804037853
20 156 40 0.6470598736370271
48 63 81 0.16331499317647202
157 260 88 0.4906549972262523
195 259 31 0.6167191221216269
184 15 96 0.7986852277647991
81 124 103 0.729945627426231
9 273 108 0.3959596487066115
129 83 91 0.9394753660517243
31 229 74 0.9529940399368294
162 88 36 0.20666735425025007
111 278 68 0.2558555561200965
181 150 59 0.02044280434532364
114 304 75 0.21498390078081342
63 31 72 0.23191199398567597
82 344 86 0.14667946007025867
163 262 22 0.3580379314118204
20 279 101 0.09360639102383717
186 385 61 0.8399167555106535
107 316 48 0.10984951092243778
