44 371 65 0.771810888429207
58 31 72 0.30332633985148405
125 283 40 0.2925620255870889
28 177 47 0.144977634383455
99 388 57 0.6907199413491112
54 363 32 0.308759940426954
120 285 65 0.30484204814059024
10 31 89 0.021437430805530622
18 51 66 0.4854465134546617
139 103 32 0.14400386078259675
127 176 33 0.875095346742313
37 2 78 0.5757245943099257
136 57 63 0.20614802304436208
93 257 31 0.5861473248528366
199 295 49 0.8137329874586553
114 156 37 0.03926556505038159
84 158 96 0.5174116206774192
138 283 26 0.4922456666771605
6 123 40 0.09964484143678676
92 143 82 0.5438887468351785
38 186 100 0.488866839869911
68 15 95 0.3221872989358596
165 309 106 0.8720429711906871
112 105 58 0.9467585494613837
32 39 36 0.6184690337096335
114 354 81 0.9015424087000677
104 95 28 0.8529698115507152
2 134 72 0.35372287644009215
175 359 56 0.4679469886698382
53 292 103 0.5965094145216308
134 138 52 0.1485985952950547
