87 269 71 0.010022016022840807
90 197 96 0.4533750310598367
172 296 47 0.13881908535688048
72 304 46 0.04860576469741995
131 110 26 0.570632731219162
16 218 53 0.6444794417295903
162 113 77 0.2639582861651525
39 43 108 0.5204564453411995
29 83 35 0.028154067244115066
1 195 42 0.4020597284597449
28 357 88 0.20691265760033317
199 284 55 0.44551488671248496
59 285 40 0.46074087513607853
110 43 72 0.806281807887328
71 219 31 0.7644607353006755
65 164 57 0.8198519672290709
6 276 41 0.6420266447722708
135 27 52 0.5277124263521238
133 278 22 0.30896738139125524
155 283 87 0.3829213771258968
35 271 65 0.059791775678861514
174 68 46 0.040031837833392814
70 301 85 0.9756557892585626
138 370 62 0.857119915526428
200 249 73 0.20349829697146848
89 362 64 0.6415220625078261
72 50 55 0.48106095767271995
184 278 39 0.7405191173031512
47 245 26 0.6548874028667854
