32 208 107 0.8148265187938002
74 159 48 0.7669409063700439
44 84 24 0.7362698039148524
116 115 58 0.1204972489341466
69 377 75 0.14457951475137298
63 287 100 0.17975200758411192
58 69 86 0.4521017136835198
150 14 72 0.6766869822221663
27 371 54 0.5000101175644233
110 136 75 0.08113149443580514
71 155 77 0.8890695326422154
55 352 98 0.7491272628039823
29 350 29 0.6183411446462294
46 330 65 0.09904707418213143
68 238 89 0.685806393592074
48 276 102 0.15674930917574847
159 256 83 0.3774059835465031
72 126 27 0.7467170923983352
54 215 61 0.9329852914296644
89 178 49 0.6897679415462641
135 14 86 0.006342105852115698
119 167 87 0.18878231259518463
60 197 61 0.0052763052255658804
31 181 44 0.7365159190269354
88 260 38 0.19094606142956727
134 169 81 0.5416165174165108
94 355 36 0.03292565460919206
143 110 108 0.7306591625227308
185 231 104 0.6655268996162262
55 291 25 0.29416689668461027
186 131 79 0.07410595653694185
184 196 61 0.25418658119502224
168 196 51 0.9455436482075998
49 100 46 0.4309219451539825
135 289 46 0.24264858729250982
145 379 39 0.841667746223051
158 106 40 0.31424810000170145
