157 94 56 0.90841947176689
177 288 106 0.2529636886462231
147 40 88 0.7828015004426774
142 337 53 0.2993903039621908
142 87 77 0.3250074646402219
144 356 36 0.15481671412897502
20 172 36 0.027713523362768666
38 63 59 0.5395212301759773
97 57 74 0.5410556758904181
142 286 100 0.23427851012525525
191 39 78 0.25728503912530043
99 286 26 0.8308543601161338
94 108 72 0.12140976775817469
181 198 82 0.043502675481124964
126 330 26 0.4578288763310796
163 292 85 0.8440590109125158
198 196 68 0.017343610613137495
72 264 51 0.5717083026102643
151 357 79 0.06135520049190324
173 28 52 0.36626803043274603
84 341 84 0.9866600842567358
75 296 49 0.6438268759581732
33 138 37 0.9536432863348933
32 115 92 0.30648421096710354
48 20 91 0.1279102813085008
197 303 30 0.17006128223725636
47 94 47 0.09861555040917669
102 160 33 0.05296095556550662
0 132 78 0.32831706032072605
135 140 69 0.32800982478764196
106 186 102 0.8652143035191704
196 36 29 0.0954804308026419
30 207 25 0.989168658426897
