69 302 96 0.12345860888901938
123 216 108 0.01559882503748522
95 289 43 0.1645072906624736
104 12 59 0.04895562679934817
97 236 81 0.6281136447810652
76 114 35 0.8807614738048415
190 5 101 0.5820791153766882
69 334 66 0.1057128252667745
24 252 46 0.8217356696647962
125 85 75 0.10297389347542718
124 136 29 0.2670348337522811
51 200 56 0.9775834343446608
49 146 38 0.09164469563479061
144 125 37 0.4991870798541125
115 329 71 0.12785522488595102
17 336 75 0.6500180789672093
140 308 31 0.2853917018466484
122 170 72 0.907231706302553
53 192 28 0.920092739126164
134 254 70 0.9238421133114718
79 164 41 0.9773565182750436
63 5 76 0.9327132535380444
200 110 73 0.883772474264842
