72 176 36 0.22020514791510282
118 174 53 0.8557159764229447
141 353 71 0.3337621929607366
78 118 43 0.5110174800357334
18 98 41 0.9696467417958047
56 69 107 0.38536101960718694
78 165 38 0.8320339566036399
59 359 59 0.4146782858852974
14 301 65 0.13355754906591655
153 312 76 0.8190129822307614
111 126 47 0.6661488238203398
98 318 54 0.9220220214427507
109 135 70 0.3481732299244359
16 23 60 0.15021144039368628
87 289 97 0.22064903783031342
13 5 85 0.8029843286496439
110 112 75 0.16576257906189007
168 124 51 0.10738685207142251
19 134 109 0.19168425891630736
24 375 29 0.7462446309252765
185 397 34 0.8201975922737386
66 302 87 0.9828730496719641
33 285 102 0.34777074748233594
36 344 103 0.005333662616847312
14 380 67 0.15695165075837048
44 190 94 0.7437104502106332
74 352 92 0.843070264046195
158 262 90 0.11862331328057052
184 170 43 0.19891472736975468
30 134 41 0.011120991173164008
58 266 39 0.6449936065361884
80 310 62 0.5656481917176782
