95 173 73 0.9808670594142844
57 206 103 0.964819099998987
20 148 28 0.3282582789439883
132 105 108 0.04136188890603598
70 355 33 0.42023514149111385
40 340 106 0.17889609866777023
179 51 45 0.7530362004305529
12 145 75 0.30970579691733013
80 214 103 0.5349423952871116
197 18 84 0.3996001233268699
38 113 32 0.9345011569826837
31 214 44 0.26342359287990513
197 280 82 0.8795667092575562
86 188 53 0.9158532013224039
61 41 68 0.4003312263172868
140 38 57 0.6603308100178454
62 389 82 0.7765666944618442
95 47 49 0.5438807732452181
109 384 56 0.07567061503907258
157 237 66 0.7797098010289425
160 342 52 0.6404237193347483
9 104 75 0.03417927752298722
180 104 95 0.26944722601579874
191 271 54 0.3219593199349011
133 42 89 0.3618129823928957
177 336 87 0.8090340489375476
77 271 88 0.39395696890100695
123 295 65 0.8798651471079646
99 39 59 0.9152098619067692
198 40 107 0.9192424319574396
197 171 80 0.023118633945431566
162 232 78 0.6310513287820462
