101 301 45 0.6871232404220027
55 217 46 0.8120351392518874
65 30 96 0.5054355874725618
93 180 107 0.0705806318753116
50 34 102 0.6678976702781824
39 144 64 0.01238918480450768
144 230 79 0.8805018088693509
146 151 92 0.6168265446649741
165 330 55 0.6121141474257298
96 138 105 0.44669976647672605
59 364 53 0.9250062050763066
34 395 103 0.854179627219625
76 11 44 0.4691649528733358
107 113 59 0.6189064314670801
124 237 28 0.9311009968390352
130 304 71 0.6184056671158064
166 246 46 0.6600120189002846
163 163 76 0.9721784170431366
110 4 108 0.9518616834875531
55 224 97 0.2751616676392391
38 40 39 0.9714915088850419
20 309 52 0.78339158156304
48 281 81 0.3511460868595958
63 194 86 0.775847217766125
169 310 48 0.9283510460082033
164 303 102 0.28475539079601375
