114 153 74 0.7302558089083785
190 141 79 0.6569085566397146
195 124 83 0.4172168032685388
196 157 97 0.19725027397949224
173 348 34 0.3349223173790491
169 87 25 0.3354708647361476
189 111 94 0.5819433520070246
125 303 75 0.006294345632014031
21 105 27 0.004219329966540175
68 169 87 0.5648860639214681
103 204 69 0.6509004222481924
199 204 29 0.103359018264495
14 341 106 0.514261483087732
113 351 56 0.9550771610764103
56 55 68 0.3856817690630988
12 341 84 0.5458676207859467
74 61 98 0.911004980761831
49 335 26 0.9280277686150774
116 284 103 0.7697035414648389
11 298 30 0.7773289056762921
173 217 29 0.39852580424224693
136 305 45 0.03334426824687986
26 60 69 0.2821384756647407
182 214 76 0.13705370700672492
177 91 52 0.7693313961962461
183 295 53 0.7853395622576782
5 24 99 0.8083762374563362
8 131 40 0.482003014304469
19 210 60 0.5367330894965894
18 62 81 0.6830062167238227
28 306 37 0.5053747471065553
60 372 50 0.5626387128681386
22 99 56 0.4038488874542224
