116 152 39 0.9258339008744786
57 164 45 0.009974369908528513
160 396 30 0.36499501241393895
68 310 80 0.8752939528235929
127 199 33 0.04745206335069818
179 294 81 0.38778434560601005
128 377 67 0.5044255355484724
69 368 55 0.0710095614267191
92 215 94 0.45708067084754656
100 43 31 0.8759374679173948
190 17 83 0.9977806509516678
6 315 55 0.7972635401538707
33 363 78 0.891494352394542
35 8 81 0.2956907865102949
146 173 63 0.42530144605168896
90 355 25 0.893775068982684
167 314 64 0.6136741932574472
120 72 48 0.8348273333686875
23 233 77 0.0007242768075257366
188 135 93 0.06806985729806625
56 90 21 0.03092811964794362
129 234 68 0.17485055077701084
36 74 44 0.4800513969159774
4 255 24 0.3009391391135027
102 30 61 0.9061517860073063
86 14 48 0.6413106989982474
150 83 39 0.9248275568722487
172 42 47 0.899790329503258
