63 236 26 0.09301921366513821
116 289 37 0.9906265157948244
100 75 86 0.9780245104710923
60 356 35 0.2031175903000857
192 22 40 0.025624815304869486
179 276 61 0.9337224014233025
198 259 25 0.28389731905981286
104 179 37 0.632055764441085
156 41 62 0.8754606490077327
65 145 24 0.2603490579059283
160 392 86 0.5448403627189876
101 155 90 0.3229155130719702
87 20 39 0.21930991743129025
19 258 77 0.8506792822400829
89 299 26 0.17141813040683496
155 91 37 0.19077838850203888
97 136 32 0.5896764697111614
82 148 30 0.09659737695018256
196 76 105 0.5349204659041811
103 57 67 0.6433416716480549
127 351 97 0.24006327077616574
173 138 63 0.884848093844063
66 101 59 0.992524150826685
81 297 95 0.8905313242279582
59 113 54 0.2991636174585246
12 160 37 0.5698535843245823
108 101 109 0.11578592133257115
112 368 52 0.08672125698780375
88 143 78 0.9556791246243387
154 239 72 0.22087871752236565
200 302 39 0.8597085005265251
