101 214 109 0.3519076611064219
44 320 48 0.20736127146950345
118 352 57 0.11700873068424977
6 189 51 0.14691386880926427
140 94 54 0.5302569574424013
93 166 22 0.8646538254390836
179 266 82 0.36775000914381917
68 26 84 0.1275830382999542
104 389 46 0.47990017801417395
1 3 52 0.21604282788297224
103 228 75 0.3276808544795662
133 335 43 0.4837966038438435
189 114 34 0.7962465634778115
188 197 40 0.027550716061604752
14 110 78 0.3571015601525419
85 26 77 0.2089437560518379
47 259 107 0.9104950410827638
117 359 93 0.32211963071841965
113 83 103 0.46809488366386287
144 243 27 0.0357155955293903
185 129 59 0.37788457182616764
10 378 90 0.5575930682044165
87 387 79 0.040227941329917694
34 75 97 0.9712352716540112
127 230 62 0.8838384790312865
177 382 59 0.9783549847806605
175 28 42 0.8247211300711614
199 382 83 0.2147847615112063
143 230 105 0.48700106538469523
114 100 55 0.34017240181353015
6 354 99 0.1930647496227409
15 317 93 0.43738420448873183
32 327 49 0.811218347187515
66 212 72 0.5095782839089623
