143 49 26 0.9209726462878973
20 169 36 0.9106440850112877
69 230 63 0.22202746027718467
28 49 102 0.46308952673513926
87 114 41 0.35574129180340297
52 234 84 0.020264077619619236
67 294 35 0.627448893692771
118 325 74 0.7773351471441813
78 310 31 0.4033760186770924
161 184 64 0.5294344348315511
70 76 52 0.6245788679686154
115 343 58 0.259505295085094
170 224 88 0.6084584642411176
46 286 82 0.4618881511283802
87 68 21 0.3091795741507841
14 260 40 0.20313395919907284
109 207 106 0.39110194169352286
71 310 99 0.2702060429332246
198 393 68 0.6067150666876046
21 89 108 0.14337671863380907
55 131 67 0.8034429623021105
62 75 77 0.5124623814631392
90 348 72 0.4219588819573593
67 233 32 0.03597572953714545
187 87 97 0.36399223517095347
33 132 35 0.21151733826126484
122 120 25 0.2314960616658227
15 238 53 0.019722000545420504
