167 237 31 0.5595189762698305
5 199 89 0.3567819938935397
98 79 99 0.8139579522780301
138 132 80 0.2768736210446424
141 280 56 0.7039131596675907
132 154 99 0.7049872401739121
99 353 48 0.9821551795751606
177 380 32 0.7843576764070872
172 117 86 0.10930022724440647
57 293 40 0.5405802584475681
189 138 25 0.1730428501621667
93 57 101 0.6833292050340266
111 313 26 0.8561834114787525
17 35 25 0.42157894734678436
89 205 88 0.5887333472446635
65 400 86 0.25546747852921736
33 20 31 0.9471423963072227
71 75 66 0.4671097821541139
78 111 76 0.10550681266645479
125 252 60 0.22064576122869084
176 118 51 0.24690645269180977
33 223 23 0.6236046466664312
71 318 31 0.6952191636694747
119 308 26 0.5707030453490538
44 204 41 0.671791426912448
184 306 97 0.40747580111020076
