97 233 69 0.8885033577560986
182 352 97 0.2562544015583549
93 123 58 0.9527155716833647
151 385 64 0.5445328008056558
12 136 46 0.37899630835276565
98 87 85 0.5413882996933342
148 245 29 0.9526568601792141
190 111 28 0.6315167919497706
155 46 74 0.5183477728601433
190 79 22 0.01209391549275185
167 11 97 0.31353499819819874
157 284 52 0.16361354710880494
66 226 85 0.46542485125444455
26 234 53 0.8524330482260365
183 209 79 0.7407304163801511
79 337 59 0.4988216402490535
134 288 70 0.7263947274807379
147 326 41 0.8462566549159939
90 276 37 0.19293452969105196
117 183 104 0.9007809404394429
36 386 85 0.08438176320168811
119 11 98 0.7796683361187986
17 219 27 0.09657105284952672
71 67 109 0.7245840148702137
153 151 64 0.4922329350121719
2 65 71 0.19015479179794148
22 316 87 0.7590018519444544
89 244 44 0.891015181128653
41 39 47 0.7272967132664746
174 55 68 0.8328660109552299
97 70 56 0.17770466360165227
117 213 33 0.09663093932554423
77 251 92 0.07369333156032631
8 110 30 0.2382425555249713
