1 144 63 0.611311885078231
59 43 87 0.2546824935940949
187 4 54 0.5592157581361135
78 319 109 0.26385880246037774
179 330 101 0.26662400628943994
34 299 50 0.2312218790524594
182 351 69 0.2754287875379262
73 174 48 0.7884541921374905
1 115 46 0.28933023238132183
34 368 31 0.9117243667963982
185 256 75 0.8112468311706508
159 390 39 0.6546321848242386
4 159 60 0.5460192303089684
117 162 29 0.3259132542462786
85 296 75 0.18389746515109318
136 143 73 0.9789605211715053
176 294 90 0.12279624091607277
36 366 74 0.9486959234358912
82 149 104 0.8147313427093517
139 19 87 0.14534873568854556
72 88 29 0.3585194396437137
76 392 38 0.5272860250066687
187 142 95 0.8897077645061193
146 172 58 0.47133564742473755
84 270 43 0.9451746551640063
165 351 92 0.5037217418283805
199 232 40 0.9486929258892738
76 43 104 0.7139713301292814
135 170 32 0.9319733060613373
174 74 27 0.33431660542149166
68 380 27 0.09298077791194703
