59 21 100 0.32404918692593365
162 356 104 0.5476810223244364
25 374 93 0.25256675794899974
165 223 43 0.017749277193185975
59 49 102 0.9948616051892436
49 75 86 0.26679589942470683
123 352 58 0.038860944776274886
38 353 95 0.051335890892844516
194 345 47 0.6916690027222626
107 210 67 0.2901413383131002
32 19 50 0.23237262419165028
137 56 59 0.9417476970100325
60 400 84 0.2426996016475388
92 183 56 0.47669038399071306
112 72 32 0.43009212096051097
197 47 30 0.8970456176058841
145 50 65 0.5348355858776956
82 59 63 0.09823321105491845
123 20 71 0.008931272739746365
92 283 106 0.5138769552746839
7 35 52 0.3524009065904725
142 342 74 0.3093730632093472
16 97 66 0.3618969881156303
