74 341 79 0.9500130927025746
15 308 23 0.25246804911336995
52 331 43 0.5015949303236892
114 219 103 0.5781583827944429
127 263 91 0.9376633558805664
105 204 47 0.3123459153923337
26 236 28 0.31085330773971065
123 202 104 0.1937901870181462
54 118 76 0.6337756636054167
12 251 94 0.42810405149061936
94 317 25 0.3077657648652272
55 218 31 0.9046614430744088
102 339 42 0.5800012602539519
33 10 29 0.536607830806505
39 376 59 0.00031643777980883137
12 84 74 0.3703859793522971
84 390 32 0.9659766166345926
12 26 25 0.15288409054550556
0 284 108 0.457667417575212
144 188 58 0.9364849147908809
18 62 96 0.44845515905550737
122 376 92 0.3701526548316427
105 324 41 0.5725821283469088
104 53 99 0.5392774200717705
129 360 105 0.9683797098278797
29 4 85 0.630998906361491
111 350 30 0.5358777224252087
