135 90 33 0.4591968049635935
162 210 96 0.47775041086410286
8 146 86 0.6436756232551025
34 244 64 0.17040212512335118
32 54 98 0.17044352417169928
89 112 44 0.11766046449846768
19 205 79 0.07594321234660961
9 95 64 0.9366520478623648
135 42 23 0.6674443130884639
160 315 86 0.9720217601694224
120 46 96 0.6991620076453283
172 234 49 0.6085380365732859
85 103 65 0.6639630369967081
62 244 64 0.5557614185379772
29 259 89 0.9624502204008488
166 244 65 0.043685750723774674
160 28 66 0.8315775320324515
41 375 36 0.23964408379674862
180 64 26 0.02590034162588495
163 208 29 0.9630979803483641
174 9 39 0.7196870544823695
