132 394 89 0.7995711704431853
1 16 104 0.20707976901845782
93 96 21 0.8771963358080953
97 321 82 0.37072583442201723
150 82 57 0.6173431603485372
112 2 81 0.8285885312892188
22 211 89 0.5736941967915565
124 183 73 0.0050600594946274
36 71 60 0.6253266488266239
123 370 99 0.7721139678893857
73 235 46 0.5498477413993395
186 151 64 0.6181918499995457
49 380 90 0.6797958303054465
139 100 54 0.578152536220299
145 234 95 0.01705223212242868
46 166 49 0.39882139537016803
189 341 67 0.15095570658766355
197 173 67 0.28952311049534907
108 248 31 0.5827976993781134
138 140 67 0.36237519074298474
45 157 59 0.8207984906931904
113 311 71 0.8487991345303654
86 70 100 0.876970207862289
147 237 94 0.21024775577021038
106 68 22 0.7181889224058993
159 85 32 0.04129371240122803
112 337 38 0.9122085131127263
54 299 68 0.4338422439019044
158 366 92 0.012485061333213254
