23 296 23 0.5819920972849297
152 88 85 0.2126961381591359
167 378 109 0.33166731611946176
87 142 36 0.8469899552386239
107 83 40 0.7786066981539607
175 282 34 0.12218696424967934
199 333 64 0.3750891348142238
147 185 73 0.5288400257836118
182 125 26 0.4001810743378289
62 31 72 0.28243846008914464
83 85 62 0.381373320844133
200 382 28 0.6835773509217561
73 398 21 0.3166730873420216
189 77 32 0.5973796946596057
34 74 59 0.21337687942769712
165 119 47 0.4677698197619198
106 198 40 0.3319999085981573
189 319 66 0.803870683968295
51 3 85 0.0585964196604043
132 267 35 0.09523498274863818
114 92 99 0.8106128454167868
192 187 52 0.8437952354602692
11 120 54 0.9178057681187629
91 245 29 0.46373345787638753
163 152 81 0.6382313405743039
168 105 106 0.2942982234127556
196 55 33 0.8110585147621646
34 104 74 0.44891679894575076
71 347 80 0.6666256126144897
24 240 23 0.02593051279250691
147 370 60 0.8130134465949314
43 187 41 0.49984728548110147
