4 337 89 0.14151509531683093
37 281 56 0.8793100147343718
73 365 69 0.8351048207380812
157 339 72 0.6386114886079328
157 389 92 0.27280764551189596
38 135 103 0.22183560687120096
117 61 107 0.8890857179483187
138 384 66 0.2289411314556533
159 372 90 0.2334829209178102
78 126 70 0.6979380044194868
9 39 50 0.8907098536134865
141 228 28 0.7919344979833713
16 358 84 0.07555148918068655
190 112 86 0.08814292216500752
164 188 46 0.35787759001906383
89 352 86 0.14266050682742593
161 261 75 0.6065678048608063
6 90 89 0.04127674843534146
45 91 90 0.9791300132682355
189 323 78 0.5559060384805843
73 21 76 0.8696248128926682
164 379 86 0.658640013069944
48 15 22 0.6871656417312486
9 47 73 0.655503529833576
76 130 25 0.9271839925669166
165 245 40 0.9391467594958064
153 149 28 0.09394668355271596
82 400 89 0.9431652265605935
149 385 38 0.46144802146903774
48 277 65 0.015412450658177201
