135 305 51 0.6199335790763981
164 53 85 0.8849266247331633
27 155 63 0.581281231133665
139 51 59 0.5676077379047871
89 224 54 0.7217616032879477
110 117 57 0.17005346979335922
131 230 67 0.5263151313746312
132 50 93 0.07798252925735227
122 332 92 0.33058844245890207
106 9 56 0.5960761645382914
113 231 58 0.252821122131231
102 368 66 0.8326278276359786
36 73 67 0.9997285963746992
52 45 84 0.22043602227257053
32 181 72 0.689627717579542
20 281 87 0.43307646038217285
4 278 75 0.6638112917146985
143 396 94 0.29847177747892295
46 347 92 0.4713462331545756
109 332 28 0.22310539139573116
181 223 24 0.27802760488647316
55 331 52 0.3547929484756298
1 352 91 0.9871837083023565
