66 88 73 0.5080563424749867
48 273 97 0.02842066023886336
49 212 61 0.4836145968094263
119 247 91 0.20365365521773082
131 185 60 0.19504815145953747
12 220 81 0.4454157486592849
110 176 72 0.1513581676766116
98 273 55 0.8515113495484817
117 14 91 0.92992073119146
36 102 109 0.03639334315908005
22 340 70 0.5158270925236172
58 221 43 0.7067031939816613
109 81 64 0.8285431496749575
37 24 80 0.16935208269304292
125 398 105 0.17791352532278804
23 220 23 0.1282456671617609
138 102 87 0.28896503402287144
78 217 41 0.09359906550032848
170 99 65 0.14694816987540293
126 200 93 0.3672642458676051
120 98 55 0.9923239389669094
131 32 26 0.5550967793588724
110 297 28 0.08936727787903398
39 22 47 0.7691727863785077
128 244 92 0.746668143082249
129 123 79 0.08509811552706648
4 45 87 0.5951436308867795
72 245 83 0.1696079677709431
30 110 100 0.10271000254183027
32 269 91 0.31045261305840277
20 375 80 0.8803999506528749
174 135 84 0.7983230261053472
44 186 62 0.29891807193776765
143 28 42 0.7061349367545028
179 12 98 0.3605353551291526
168 251 65 0.2790896711448757
197 346 45 0.8271240270310753
41 200 91 0.5831444818808845
59 102 105 0.06948026991908585
172 64 94 0.394108416076418
137 154 33 0.0848363427444313
