21 287 25 0.31828027098233935
111 231 91 0.5605319925654577
79 227 93 0.6647550300054065
41 288 100 0.6259520002842844
171 100 70 0.571847258303266
145 97 108 0.9436263543847787
69 116 85 0.18756479433112627
19 145 33 0.01546338804823777
53 110 56 0.9108129755382512
130 99 99 0.4453462624354586
100 209 84 0.3325668832071845
8 75 57 0.2967465031837483
118 326 37 0.6075334249052278
177 398 55 0.3206123045378798
102 295 30 0.24488777833824094
73 129 37 0.9790712645627088
18 59 94 0.8232761666084347
20 198 88 0.1857490687064136
48 144 37 0.7040012465204266
56 235 88 0.2903693362180586
114 30 31 0.6177645756858962
37 37 87 0.17549390197562997
41 354 87 0.2794143654447858
150 96 57 0.9180905832871542
176 329 78 0.4241167659167129
169 178 75 0.3153511611175148
118 175 70 0.675398018757011
176 111 51 0.5224501722013697
155 179 100 0.2039206918470744
84 174 75 0.32104013230012385
