103 268 106 0.506888158582649
75 47 76 0.6305440420715711
160 111 89 0.5887008727104278
85 295 73 0.8353562645837803
194 249 84 0.6099958999504375
193 168 25 0.5496803075769388
83 101 93 0.7770987746952579
27 280 46 0.19823434223589564
85 217 40 0.2552081337136419
171 295 51 0.29153089856573855
82 55 23 0.28071169534677076
150 230 32 0.48459748776838785
21 16 83 0.2379628754043489
77 85 22 0.34185238021680586
189 352 85 0.24771444141702736
82 326 90 0.2866468373081238
41 12 33 0.27238486447078303
3 238 22 0.4405390305651483
40 231 31 0.5499369951943778
70 197 100 0.45268885746464427
165 271 101 0.6329668853760403
44 253 80 0.227917232531183
8 151 61 0.5178454540166678
75 26 91 0.07046867052876227
147 292 39 0.13533555464714253
33 68 42 0.38388935336328744
83 188 48 0.3632548653590252
74 47 71 0.39844916454622614
47 208 63 0.10139625910706473
158 15 102 0.582431810651844
30 48 54 0.6398726650433985
104 99 85 0.8123896484774271
183 135 49 0.813217255784296
69 10 67 0.1408066821384949
46 364 49 0.18830980942628006
136 3 85 0.8228436106696886
92 59 89 0.2791028410338354
188 308 92 0.8320441853521974
107 121 97 0.9480875051027241
152 50 21 0.6469536615598983
137 123 67 0.47699362971014103
69 172 70 0.07123390151017839
