148 256 26 0.5918643313112508
41 187 93 0.5090933136858651
162 160 60 0.10744488947578379
77 99 46 0.2751792362971247
176 106 28 0.8282295230440458
116 166 23 0.8078832957028761
29 51 105 0.6867069837474691
86 71 65 0.5836462970183125
148 73 48 0.07877107981188292
140 376 62 0.23118973550557298
120 61 32 0.07106845474826995
145 272 63 0.6268199351971605
15 113 92 0.917731070086113
189 369 109 0.5349414023459123
23 193 75 0.7321833105231927
126 119 80 0.05859934906798203
108 169 72 0.9935637666986428
72 354 31 0.06600644893314433
13 319 68 0.8366858500705115
141 12 36 0.8905956022246574
12 379 90 0.8457731940124774
73 147 66 0.3865067328872154
101 209 51 0.7474058802933488
76 286 67 0.05894375092015136
89 17 76 0.07250132802012377
162 221 64 0.9194893024978316
