106 187 55 0.9061332827403243
139 389 76 0.8812797547888415
141 318 48 0.6494395564744012
106 303 52 0.006024984875261152
122 84 60 0.041508199529537215
145 252 21 0.42782829005801815
99 49 71 0.2631170980735461
116 280 25 0.8426407285599296
42 116 27 0.8336759664871604
90 161 56 0.36751253338342704
65 190 52 0.779145589406596
132 364 97 0.01346884898897327
73 295 97 0.07829413851050748
31 83 76 0.7863886604329701
91 384 29 0.5693170166971804
80 400 76 0.726458311584013
16 155 23 0.5227675263630057
98 105 46 0.6359724723995439
42 276 99 0.23294109398261154
190 64 42 0.08215342627600342
140 114 79 0.5127738564773451
130 198 64 0.5606927874882993
138 14 49 0.280179710758202
94 77 86 0.8053213265892982
29 66 106 0.13707952524868494
199 263 36 0.28026247965697026
106 39 73 0.45482093325355055
