91 113 77 0.8599168263660045
155 53 45 0.9027839933072023
39 30 44 0.586841196720224
66 36 100 0.9058718502080234
95 215 98 0.9381032744692076
183 66 56 0.809976235759526
65 33 63 0.9197256735810064
50 97 91 0.29337810215497084
154 50 39 0.9966083600531584
162 342 73 0.4685014210349341
156 218 52 0.6792044336593995
107 191 31 0.9907244421366815
150 113 49 0.7613831532428903
11 323 24 0.2883198814564255
77 283 73 0.42065982664108736
76 353 91 0.1299963054671125
73 342 87 0.8896998373927643
159 309 89 0.0989205679017161
48 334 48 0.03778989084846984
77 383 86 0.294191844017906
107 256 44 0.727691481497487
12 218 33 0.16763763132344434
81 155 67 0.6306180587319471
142 208 37 0.49600158949270234
67 65 52 0.5070056355900797
175 251 27 0.9485607274101004
