1 360 105 0.7099019265717514
20 324 40 0.5738526957892102
45 98 109 0.2214424776326388
50 293 82 0.9849146612767701
146 216 21 0.11649102946782042
124 130 24 0.9355394943265023
39 179 65 0.6044091380736222
110 254 41 0.7530447232751732
79 157 24 0.5172613677888664
47 78 46 0.9059377332717903
163 29 77 0.9179072027487745
163 396 101 0.6409041454094958
50 375 96 0.10332467185683603
61 255 105 0.2232221272909628
57 92 69 0.7525559742826844
93 202 31 0.9161218464309165
29 12 46 0.7187712368071124
0 88 68 0.14215173940142545
91 61 101 0.08048819558974418
49 135 38 0.3682214078197168
71 219 59 0.16766824447064832
192 355 38 0.004904490318517585
172 88 51 0.100084226452688
8 294 88 0.6103573394820662
43 180 25 0.0665851902752369
49 82 60 0.5708770306696729
16 44 69 0.34760294916354517
175 278 68 0.25864601854082747
99 108 44 0.55186617166069
29 358 107 0.2854750503045209
153 57 70 0.060236836718250086
