40 17 52 0.46404226949538796
56 3 79 0.7333082407396637
107 258 48 0.10459143486315947
197 351 81 0.29957765062620945
51 207 87 0.11401227990693008
139 51 95 0.9507307444570818
15 331 98 0.7013399515638385
4 146 102 0.30019151867788285
178 98 62 0.9969878470685726
172 47 104 0.16150496142245085
105 236 90 0.7145724181074632
187 357 46 0.1519357557236477
179 212 91 0.2682724244083421
192 265 94 0.6487006462747682
158 66 32 0.04635287696067003
135 310 103 0.6166344356272679
43 193 108 0.513987211195054
186 213 85 0.9611188839712292
97 22 28 0.7846459187645074
1 316 59 0.8872746687058619
107 315 52 0.2705759775381622
137 109 108 0.7154446052847501
171 143 85 0.5056980809079464
115 301 103 0.6170009987184791
37 339 40 0.9437196798964493
117 184 91 0.7075210349857048
31 90 51 0.9877425510112224
