95 135 88 0.2824362696753624
20 311 80 0.7200508509989256
189 86 42 0.17283107892478589
145 333 104 0.19146267956059082
68 198 103 0.5022921084768514
41 79 22 0.5423132156688746
174 229 78 0.011155624999686253
150 394 27 0.9945990611659952
100 189 98 0.47168538135374116
22 169 93 0.44919629139955153
116 116 48 0.381013450913503
190 244 90 0.35750829816849106
182 372 92 0.6783020631914823
175 123 81 0.8732188466973556
189 153 96 0.38932886158698543
33 228 21 0.4726033208178041
132 316 43 0.41227977439748786
77 268 24 0.10599041530311493
192 213 67 0.7629925079812352
9 5 53 0.9290974765151617
105 114 50 0.9567080944565047
35 208 93 0.5896264712686142
120 259 74 0.24546782027522185
165 392 42 0.26447723058036654
147 365 99 0.2870216313731754
195 394 22 0.2778736252802234
112 181 42 0.8042117074524402
129 334 22 0.7466711860497217
142 225 23 0.013466688799192106
145 354 54 0.3997981337874481
185 393 101 0.2964309080780225
78 156 61 0.2911167896553558
20 262 57 0.10644326186364894
166 88 54 0.7488174358955569
127 187 40 0.25283455505268215
49 249 91 0.7926245302708298
122 386 98 0.3756371234537408
146 315 79 0.677400447119156
