171 16 76 0.6961817087084019
64 328 43 0.7433279859608455
1 226 40 0.4141549584017924
125 157 47 0.7607772648509832
169 260 102 0.9824157172580054
64 319 46 0.7624341206445179
197 210 49 0.010847223695887087
81 301 79 0.1767044070189301
11 312 87 0.7469296230050214
31 190 57 0.8459914386505939
14 24 61 0.37478372898966705
195 319 23 0.8623338391288683
85 216 37 0.19543435057983183
157 201 57 0.8503181700500163
112 327 99 0.8668448434683986
113 226 65 0.2995137776353751
40 45 51 0.17758966339969062
115 321 46 0.23085770648029902
6 222 109 0.7623844011306837
