115 112 99 0.9619325277691558
80 17 53 0.751354607902502
43 262 53 0.687003423515684
4 121 84 0.1828291839411369
116 295 44 0.8991736485426827
12 30 67 0.9939611618351087
181 55 76 0.561828568350247
118 131 106 0.25959166164145875
159 15 96 0.04711044124757169
29 53 79 0.3147611890840004
128 383 50 0.27313305251039854
14 98 27 0.042765452798962045
67 25 24 0.09810348960066473
7 52 87 0.6967640953150362
121 284 24 0.47750723989619115
93 272 24 0.9131400878620938
119 353 73 0.24923211218025743
30 73 82 0.3395169092886282
122 305 88 0.9898893823533507
150 135 87 0.7274464760702356
71 106 69 0.5512342432755192
102 386 100 0.022129362607963166
62 12 72 0.12418969330184382
47 262 44 0.7097567193944381
85 12 64 0.979093612729638
176 200 21 0.7336008052287936
166 175 92 0.28673341449435075
146 304 81 0.6537475637079693
44 99 24 0.7146458868184229
52 87 85 0.0508781777469558
25 4 101 0.7728067419381183
75 364 77 0.45578290712722735
