58 113 73 0.4134491776217929
141 79 83 0.09738201248683787
129 257 98 0.321123897691865
82 316 24 0.6299313680980535
0 345 65 0.16579253732190258
148 47 106 0.50682662077934
117 297 87 0.1525005961329352
52 332 92 0.251572497746403
171 184 41 0.738101337033102
128 294 85 0.8034320559623067
21 270 27 0.09057769951935124
112 119 30 0.6167000186737331
142 79 44 0.8998670474528567
181 218 44 0.5162455428013419
193 226 71 0.144755031284598
125 157 21 0.37922085422044527
109 92 87 0.5286590069388586
166 38 65 0.6610710279152698
80 219 47 0.9073808542344001
5 376 25 0.07643246617302901
31 366 31 0.7771014490075923
142 66 41 0.1363966847256416
159 24 54 0.7879716786197397
