171 93 59 0.2838839622078886
58 208 23 0.448581660665336
34 400 21 0.07797110569532462
117 337 68 0.9295081634221508
39 352 104 0.7962626659102937
173 18 24 0.09398357757543363
98 309 41 0.8802745537525075
152 122 79 0.9312965384993886
111 375 103 0.49088946144465884
172 249 25 0.9303444965987083
161 50 60 0.12091158763238052
14 237 51 0.07040439327202841
30 320 73 0.8756220889277052
7 111 33 0.6485537791227289
44 309 24 0.10156323447064508
59 126 70 0.5659374697771729
177 15 61 0.7715315789714555
197 267 101 0.23475559602626672
114 169 102 0.5307000006839573
160 294 65 0.47843743615130785
163 387 45 0.8660926357250192
179 321 79 0.9357330849975433
179 223 63 0.3759929113135738
92 123 62 0.7113280883046685
