149 203 68 0.17828303229151776
109 152 73 0.36584885156238867
92 387 28 0.3903644387759171
159 267 48 0.23565680786498755
4 121 70 0.3636526538888939
148 231 58 0.003934041925059861
127 109 95 0.6062386799717145
72 265 60 0.834277110554786
175 143 23 0.6437990316505661
33 93 84 0.6239746940799953
12 6 99 0.013477074440381487
52 243 60 0.6930404625233894
158 144 31 0.42120036316667553
108 261 106 0.2637118697521651
24 118 88 0.9200917567888653
190 85 30 0.07286778815688277
141 49 101 0.5119713812026255
