131 82 36 0.021213471965256248
82 144 100 0.5070222431355557
64 292 63 0.1693872881272258
161 31 25 0.24889621522064365
47 314 34 0.9845643066404934
46 8 24 0.2796586192576729
23 308 34 0.8705314118335011
115 198 57 0.04176689877640971
38 160 100 0.7244541088825281
193 185 39 0.5681684868806454
168 56 38 0.8807049137981855
0 103 97 0.3958580651768656
159 12 109 0.5831492471670384
183 257 43 0.3839982444914779
35 195 79 0.3494782068966158
140 210 79 0.23260025555605324
58 6 49 0.046910525446406504
31 62 95 0.0349753809832718
20 351 58 0.6552117154634927
93 239 67 0.7075845951682667
159 349 103 0.5195453772954953
155 125 62 0.5740605282347607
25 156 90 0.4372886020666146
130 316 41 0.04845723911803912
191 323 62 0.6762437801093016
54 188 90 0.3917680912507536
91 126 44 0.9123299107727967
47 42 92 0.3240078507907629
35 34 59 0.16122399986577007
125 255 100 0.3374535415552927
43 226 57 0.1954762556233558
175 128 22 0.7018598477344234
