15 141 39 0.4015796623533613
64 119 104 0.52254666271863
173 271 46 0.42956506652047743
172 182 62 0.18193162164778665
134 24 28 0.2787199517699255
151 150 68 0.33753402292178447
57 338 90 0.748657198145901
186 242 34 0.6224126114092593
48 242 64 0.0015643031822030196
134 336 28 0.04131531873397698
95 334 91 0.44879154276488786
140 74 88 0.01825700686781817
193 240 74 0.7780633055774951
115 200 104 0.6122203942092214
62 24 74 0.28668926257090466
40 164 70 0.18804057915649752
68 159 61 0.10400130024499721
173 398 33 0.4846637648980525
49 46 89 0.839692398953663
41 167 89 0.6277771211162048
36 369 54 0.7210930384663583
44 35 81 0.31302123988092956
197 344 51 0.827311627006539
122 198 80 0.05974909248735438
170 206 76 0.47682809330186016
105 206 86 0.25216045771722007
96 28 101 0.6923084387500128
180 37 40 0.3204516007472735
73 34 42 0.053758765369044004
36 335 93 0.3697423422657906
89 270 86 0.803725780178617
