103 53 26 0.3131931013752165
170 64 43 0.2891707777924041
189 138 104 0.33011473493419863
160 360 79 0.20744524769677275
123 119 25 0.24854962588875384
57 242 30 0.46995232572271417
126 186 30 0.794922550625494
161 273 37 0.8334777031406452
68 252 56 0.03393883929543018
108 64 98 0.8194457857315085
75 164 57 0.6769613911766653
184 34 74 0.56448039146882
4 345 33 0.5179755422986865
12 22 74 0.38597879814742764
2 50 56 0.2273374894791247
62 246 94 0.7931432992169961
17 169 64 0.18720643127070347
55 184 76 0.23854803459833884
71 207 51 0.9733598736994277
124 210 87 0.2878811349438084
30 355 62 0.1609429486109777
1 229 96 0.26559490151057674
45 331 44 0.7418792367209288
70 359 54 0.20020670615752367
163 271 80 0.6606928180726085
132 112 43 0.12093458534761281
191 202 81 0.7421177247820323
38 364 85 0.49828665990570387
66 363 29 0.4184176418162546
66 152 28 0.005355298422722643
21 107 22 0.8273230087857487
137 43 99 0.7449779187985798
3 88 70 0.6165489208898879
121 68 36 0.7766130210807403
