59 87 70 0.7003110615477598
56 163 52 0.3906204097501157
193 275 73 0.7979711646958375
112 372 27 0.5261600955082725
165 77 75 0.5523405466993141
115 76 57 0.7415554866853853
118 242 96 0.2748868676541234
23 47 68 0.35740098685039057
110 101 63 0.25276590442650737
2 255 71 0.0390411549914087
169 104 69 0.5077109066430182
131 383 90 0.7568782222589044
88 297 36 0.7860483438050158
64 384 100 0.14319154227824749
71 263 26 0.47463133569616944
85 156 77 0.2220216207710909
145 207 98 0.7013066195375847
155 54 108 0.5861061049804054
93 144 50 0.7113470488287126
83 93 94 0.4669139158901371
70 398 52 0.3208778486157505
43 398 58 0.34499693530360476
120 45 50 0.6831075229762049
200 340 71 0.9787660497109273
99 375 50 0.2640861035306802
103 179 80 0.8522536495592726
133 28 68 0.06174209449665813
130 124 108 0.8679077002770553
30 376 52 0.5405073941250731
34 55 59 0.7951729992148724
154 348 43 0.3828782314418784
158 366 32 0.32011053801129896
78 185 88 0.21440187191099913
79 383 75 0.15206517112999962
121 25 35 0.6152249795429379
53 1 90 0.05146312848328316
