150 242 105 0.8589090941990509
162 179 34 0.8277510836386546
9 262 86 0.3686059465024877
66 202 60 0.14334038550081452
126 131 70 0.5880483853776162
12 190 109 0.7948070409451103
13 154 36 0.4138690910466134
34 11 93 0.3145157694455212
44 233 64 0.022297077271890564
55 43 48 0.6591584800043124
169 164 63 0.9279978493576111
54 83 90 0.4911368481666657
56 306 25 0.7816804399686755
76 94 68 0.890430860111082
152 213 105 0.7198895180571103
176 379 99 0.28884176557662333
77 389 103 0.3079053720678049
177 232 83 0.8679878751037502
80 127 54 0.551430760576913
170 231 56 0.9489867808927501
190 96 55 0.7831990158400988
67 118 107 0.7433030531110749
61 236 97 0.8394302301221961
198 313 71 0.7512619902204782
14 249 60 0.5529385953046964
170 198 77 0.19842536296515445
120 4 76 0.46839613254517976
60 38 45 0.21576666872990136
161 162 71 0.678377472537231
109 142 25 0.5082099105567849
111 10 46 0.6266322082142923
107 278 28 0.2649573806568929
148 244 35 0.31285828058747556
139 4 100 0.8567999099337156
