128 245 54 0.5404330339400593
117 238 80 0.3422033320489609
174 14 48 0.8936743834333005
7 233 62 0.42871743448327104
40 231 33 0.12108076915057375
57 264 51 0.7814370743703456
129 54 80 0.16972899262050534
80 348 40 0.7497235472339655
52 258 61 0.8910500797893278
61 225 32 0.09944138043430717
125 42 50 0.9480668276469444
196 135 92 0.3351492773104914
24 59 48 0.723139227778435
17 334 48 0.012512496238206605
161 106 76 0.3820119390387796
152 163 43 0.2633926365207978
45 213 60 0.8543788190479957
77 254 60 0.8431577663350869
197 285 26 0.019962300529107746
109 132 98 0.890737348759535
36 195 44 0.5840289548631804
172 314 85 0.5707999737956294
152 73 83 0.8094675344064762
183 290 109 0.5762193192544666
9 59 82 0.30862208970101623
92 183 29 0.9109635614598819
