191 326 105 0.5447373191225121
138 16 92 0.807956489075853
27 155 87 0.08860884427740823
138 351 33 0.9839932399200243
122 308 49 0.5843127332583945
168 129 46 0.37153303410416927
110 54 90 0.5811538147669674
71 324 88 0.17706888901694928
80 245 81 0.2291164117100849
102 22 77 0.3040499263563897
22 155 38 0.680234834373645
147 198 105 0.8745900768402711
49 82 37 0.31990930942920026
76 131 60 0.7587527528283035
139 199 38 0.8238706159478025
125 363 85 0.20838350698749974
123 67 60 0.07027513615885406
117 347 55 0.38255771337828537
45 96 105 0.847631699128907
97 375 47 0.43235503793561736
134 206 97 0.25967879451932163
189 79 37 0.5484645910281628
136 314 66 0.48391978173998484
44 260 85 0.030101150128462484
87 39 85 0.6544233673391162
170 84 66 0.24551076290629348
143 336 99 0.464347399482099
158 306 47 0.8991510076538387
135 112 28 0.9339710378175764
164 1 105 0.053450801771989576
53 39 67 0.2930784664444095
17 136 95 0.7610764961903143
55 203 101 0.8719745328448233
119 234 88 0.7456329650348799
97 16 57 0.4257601590332083
100 10 24 0.7200677119993799
169 150 48 0.5369970138503133
