120 375 104 0.6883493643453258
172 181 33 0.5773968445782637
66 155 77 0.12434330298378538
68 81 50 0.6308758744280535
138 44 26 0.2401613799444059
81 63 109 0.6384844374887119
23 291 51 0.04472802511702334
164 246 95 0.5804465467913809
186 322 44 0.5232617694276465
55 337 89 0.7643056970449397
96 174 74 0.2167516394197221
122 100 67 0.9805423558647693
101 377 71 0.28680974646119795
176 279 52 0.9941834728985058
31 259 102 0.44067810246135397
51 237 43 0.8356316595363164
177 33 65 0.5974358576303843
184 218 81 0.9569312967532074
124 249 30 0.20462017172206837
192 400 59 0.47607559590646786
124 178 100 0.6653854679396013
156 56 40 0.3037399986925041
43 64 71 0.0665005823088689
159 184 108 0.07129767054276204
92 228 87 0.307525775279306
84 225 102 0.30984277143793626
57 225 101 0.9868730802340796
49 376 68 0.014967192232790194
