61 343 25 0.6140065758265615
57 293 96 0.3127133702451268
48 163 21 0.4374955374411055
87 198 103 0.4926573899266451
156 189 47 0.13130372894408404
89 234 37 0.05019872941254688
112 96 41 0.49153938256896834
104 87 55 0.8879622728048392
140 306 70 0.21500678285250518
72 48 61 0.6121599375288747
181 40 34 0.7611147973163425
33 114 67 0.9624333674161882
65 216 24 0.13561672857313045
102 175 33 0.9783257489051139
194 308 90 0.6621658844045151
15 207 30 0.7331770992244517
95 112 31 0.11552302556747795
124 163 30 0.6953630945433686
45 29 89 0.12126841448405978
190 185 109 0.7320867078207897
69 105 63 0.9533908422293538
152 396 93 0.6801918460409503
13 36 78 0.9773413727377406
189 5 78 0.44166380799273797
157 355 72 0.8703058746469237
159 243 82 0.13912359936027907
61 137 30 0.9410728259809183
123 238 22 0.60738124018649
195 154 48 0.39097060427671626
