144 400 60 0.41475609679092473
151 163 37 0.43776699118938756
32 74 82 0.3390648828936641
20 223 48 0.17988080355296643
5 178 107 0.7288661146736031
2 381 28 0.3419014839600306
71 305 54 0.6917803705028857
33 141 26 0.9321516025862329
104 131 40 0.7450924409697754
164 264 50 0.09436879931368036
80 13 74 0.06236052572952444
115 201 79 0.776512277547167
61 321 48 0.13609012360352302
91 11 41 0.6478726067959856
112 229 73 0.14731698861902165
67 145 52 0.24528105553474744
94 282 99 0.40393715886407255
65 150 65 0.32067253496522197
71 240 49 0.9324163690053306
123 347 108 0.1986059878352614
41 30 62 0.7271910330167436
25 178 89 0.02618728844392304
120 373 40 0.5025736133772815
182 72 52 0.32388303426098564
101 131 57 0.42738698938181263
162 90 24 0.18064727644238765
