12 308 36 0.5498007137347264
132 67 109 0.08558728210086863
59 219 35 0.5535728860954037
156 3 40 0.2610065417302332
13 82 71 0.6985639986226988
134 253 24 0.7320611230535007
69 193 41 0.9837580428134434
67 369 95 0.596191747893038
139 375 43 0.7515277255023831
1 4 57 0.8224929103852014
114 386 64 0.33160090441369017
102 200 97 0.981604754312931
26 292 33 0.6204153127114741
41 9 104 0.7111694558284269
136 369 56 0.6666203688622203
53 199 72 0.2064151661489142
197 135 34 0.597451417159939
43 99 29 0.8670144334372317
129 11 90 0.017043134614701416
153 303 21 0.6205583628370821
153 269 58 0.18631097720129286
113 351 40 0.2278504333285163
125 219 47 0.9639940885834031
69 209 32 0.5682589996295438
33 344 108 0.21328354420274886
21 4 77 0.42823677487315026
22 155 103 0.23318109244035945
62 193 100 0.6107856996989857
180 30 89 0.13045290093345085
43 383 76 0.9901583600318187
125 313 88 0.8129593948585366
72 211 24 0.7762348903915309
51 193 48 0.8164852966913596
1 380 93 0.6892426063460017
67 342 73 0.8082926610689467
192 56 107 0.9697532696428026
36 324 81 0.6701887153689549
39 239 98 0.2626856774964409
198 40 82 0.8466624105388906
