15 272 24 0.4542638807426477
10 194 44 0.5998120902798131
153 371 102 0.20328471157336325
188 47 47 0.65345892794369
92 119 32 0.13652920117927247
39 98 74 0.09554209293346627
12 158 82 0.649355143504422
140 144 24 0.38319852261054765
65 199 43 0.12511751034263185
43 3 40 0.7539628275943009
38 14 73 0.6110804084412051
153 374 77 0.48723297083968153
191 130 73 0.9621075639578661
90 42 87 0.39989062952394483
79 289 81 0.26862141018917407
18 356 32 0.9052993500814991
144 154 25 0.7920624405933283
168 389 101 0.7842427439087879
92 53 45 0.25694884160716014
171 251 109 0.7212910096778171
