25 305 60 0.15443393859797105
117 328 32 0.016880965841599926
132 375 72 0.17586113459258124
19 157 55 0.3728772227214573
125 152 99 0.38017103343456793
148 255 22 0.08507588968501534
94 121 81 0.48872312817530517
29 260 30 0.6936982416439754
124 337 104 0.1977813109323585
108 235 29 0.8980260343074833
125 168 24 0.5044085288968695
116 311 62 0.65047330270752
85 223 43 0.22365411863088802
81 133 26 0.1866696257037882
108 292 98 0.7850243339102295
32 78 101 0.5618147661163121
70 48 29 0.9671524116090213
7 39 109 0.5337232691951677
102 335 35 0.890859152028362
73 70 108 0.6339714622078705
163 4 97 0.8899608339100233
72 200 29 0.4894673362582346
40 41 72 0.8370905220625617
66 193 51 0.05009542039828474
49 326 93 0.7741682768628447
67 216 61 0.3952373153771297
117 211 109 0.806154509322455
156 90 58 0.38324652813118143
3 365 66 0.9627496169442035
