105 215 74 0.7671917640476823
46 143 45 0.5254784541847469
194 220 93 0.8795872147000912
102 60 67 0.6376561004080616
62 201 30 0.7091194275780718
182 75 49 0.7931651557818522
91 349 107 0.41697907846225346
75 172 61 0.3799095765131528
128 8 64 0.3255289898855851
20 360 51 0.5006519450536325
149 287 72 0.7197860994290272
67 101 105 0.9753899443797653
81 265 33 0.8545869998112696
138 1 49 0.5541187799826021
181 368 74 0.24231559161870153
23 344 63 0.36834077047061686
81 350 31 0.09429521973927846
79 245 94 0.17634108920294655
33 227 49 0.6516043842245923
90 201 101 0.7770021463328711
26 271 82 0.9946919171929893
31 28 95 0.02464132293466481
7 64 69 0.4486104038465921
117 220 61 0.12887667489933963
4 332 70 0.5173419713109991
