95 379 29 0.8008004580581609
189 215 64 0.11851334910368572
82 106 68 0.43453876690804927
71 268 52 0.5199722427544959
187 26 73 0.9836504346954257
109 223 45 0.7062476017878662
113 341 96 0.8439478785982139
173 246 70 0.7249974209347871
111 230 28 0.2713922519266546
128 152 96 0.7917615718286666
17 331 29 0.4006971169257235
191 181 52 0.8593999215240128
98 155 76 0.8392040005929792
108 340 24 0.3047784724404353
145 384 87 0.30033515264179367
48 147 70 0.6156277004707672
161 24 32 0.7549131169273838
50 207 76 0.9486173343255223
62 242 32 0.366634446902544
46 222 69 0.8891896434359775
120 203 98 0.1720995297685668
104 6 78 0.40627274402994473
185 307 39 0.9385517463417334
71 68 40 0.989926404479566
61 153 27 0.8558172168582387
146 282 78 0.4015717020059657
66 219 29 0.32612952697807074
125 243 82 0.31596493219032207
176 272 68 0.17975378490278648
