71 315 64 0.7663984697619894
132 58 40 0.705584534046073
69 36 60 0.08013817559498237
71 344 105 0.7690481496457436
94 29 99 0.07189372177690223
110 325 39 0.05548506868186165
6 134 78 0.7517879311939336
60 9 44 0.2209897030202469
30 187 49 0.6446902283411743
100 2 101 0.6282638087632324
185 271 32 0.37921934030870286
121 99 95 0.09555819822605027
73 316 84 0.5576481522700968
30 156 78 0.5731119978003494
109 186 79 0.509496426394984
83 342 46 0.7531892296224205
18 48 94 0.19094511497068178
82 103 98 0.11509697557798615
20 30 89 0.44052798762333356
133 131 104 0.07968040814914634
98 324 25 0.6657231128429213
196 93 90 0.1477329277422328
176 227 77 0.4498043549070343
79 87 50 0.07190441673878878
79 338 51 0.17259809355501599
112 335 61 0.31152184137010086
196 244 65 0.7094744494389608
31 222 52 0.4667924209180395
200 26 109 0.22748441168097666
155 334 73 0.8781225426574887
131 287 37 0.3698098748799614
102 262 34 0.8729779777092906
175 97 55 0.627050644786053
29 189 55 0.9433483265792886
188 155 34 0.932883511530855
45 284 67 0.5122170538352966
80 108 24 0.545949516137248
161 220 92 0.7564014468780262
197 178 26 0.9814498141215111
