156 218 33 0.21538725363504496
102 378 38 0.5248779462612858
135 111 57 0.1970549788894732
40 7 63 0.5270999829841374
68 64 82 0.7259355019612415
185 120 43 0.6443621319440764
37 209 74 0.7416955348478566
118 37 28 0.9059312504655113
67 108 40 0.611391233539368
119 362 70 0.2684066123423561
122 275 72 0.09169907846639735
70 219 72 0.9527951322471702
75 41 21 0.7790778103532849
118 63 59 0.5161105139354307
46 107 67 0.3947784548401294
68 298 41 0.055147912899311646
32 18 50 0.6326435994817273
43 125 57 0.6328214067950533
37 87 28 0.2321706688338454
104 388 85 0.9409603723734757
32 110 78 0.7431288559582396
199 140 61 0.8086043284783104
150 294 53 0.12644247362340366
141 164 73 0.3082979598380964
85 283 95 0.39838918291158165
61 88 87 0.6179533180226732
30 341 36 0.49225093004934495
114 330 53 0.04169665048716331
56 324 21 0.46186242705959035
23 386 51 0.39306104832079447
61 114 51 0.6747638893410542
125 78 92 0.5240858303755743
109 163 47 0.566919611974453
53 61 49 0.7052323281848281
