166 210 94 0.49808735305357155
42 264 54 0.732563947857934
153 7 90 0.18246145137684566
134 240 62 0.47120896954675817
38 128 27 0.01926831408757823
193 99 50 0.6638090799307627
32 171 80 0.8987900709201326
169 367 76 0.47287630709415573
45 117 76 0.12328404509280921
130 253 81 0.37396304917739676
82 62 91 0.6446434312793002
60 307 23 0.8030287471607576
15 93 43 0.7985121810375703
118 152 59 0.7758742617065748
121 10 44 0.5149706375596036
61 140 69 0.6534770985051118
180 33 61 0.19584987919185093
146 227 89 0.8506373270155145
82 282 91 0.24637531291416903
53 309 88 0.7555826790031508
72 202 78 0.46061742726040333
55 216 97 0.37689725061863855
41 392 53 0.45278674655347784
129 263 61 0.18127234935139103
165 265 109 0.5723688474849591
55 389 32 0.38808406734024814
96 382 82 0.7054271168050958
