96 189 87 0.5966457041549438
185 344 95 0.7537764310645511
168 323 34 0.3037176675266162
100 329 43 0.6302815487195736
69 165 53 0.19114818403705958
81 43 102 0.48137884713853973
106 108 52 0.8360629301237431
144 207 90 0.19335118541159924
80 122 26 0.8922986801667423
190 325 62 0.37710652562449043
144 133 38 0.3351771955252415
186 105 56 0.2418638787984222
172 287 84 0.39986380643342434
51 174 51 0.7675122305239231
151 207 69 0.2589536179411157
12 177 36 0.13319658677354995
193 268 30 0.403752400146409
155 162 108 0.4853985203861082
43 20 101 0.031423256588115844
162 245 21 0.5716137944986722
147 315 83 0.9127990045616152
71 37 45 0.21057302781829856
92 171 87 0.9237239822567069
158 241 34 0.6354428215929276
140 178 50 0.4009558894241364
39 40 25 0.5873047709732123
58 323 43 0.9456998719810433
31 29 36 0.8749932759800005
112 95 91 0.2707814083685518
98 76 76 0.409335142280877
97 63 107 0.9071855578924726
