117 198 36 0.19380505714477514
118 158 83 0.43851256245964343
34 174 23 0.7245534476890568
70 202 93 0.49148062747174925
5 389 86 0.03866821276995258
94 179 97 0.6483850541454389
23 16 102 0.6543845456497264
168 360 81 0.5201212683193221
66 358 41 0.15401972308441614
91 371 87 0.985996602134806
59 60 50 0.9800544619111385
63 357 81 0.6570072307928339
24 299 89 0.12743046159297
173 91 98 0.8083078805024395
52 120 76 0.009425785689004873
31 198 55 0.31014839704802055
129 322 97 0.6195036757466214
24 94 80 0.22984737506613095
50 222 52 0.9373165767349687
51 79 54 0.5998091871971113
71 377 75 0.698161862102659
77 131 31 0.4706024920451334
152 281 65 0.7189988743278283
128 241 40 0.33209889908282186
121 268 72 0.9322559001478616
85 71 74 0.023636567999304248
