177 301 45 0.9667606392351668
76 190 48 0.8932139843326496
119 202 63 0.10451643145278511
18 150 108 0.32455989311241207
175 73 27 0.9236227190063182
135 12 88 0.30922690292037747
150 86 71 0.14625396074726904
116 217 98 0.394389807013112
137 50 99 0.40321828890791356
80 188 27 0.15885036734874203
126 95 99 0.5672060092283036
38 340 59 0.15435230526189814
171 111 22 0.19163196649333236
105 299 83 0.8637876760572589
55 225 62 0.431287332339635
67 233 57 0.042058693985411066
102 167 45 0.5791794968515253
111 102 53 0.684756320572534
184 211 70 0.39158567734920724
149 28 22 0.026375100506186855
112 58 29 0.6416077832809742
96 9 69 0.698252004504624
139 196 73 0.45043748280031404
77 239 88 0.1644876292619687
50 234 50 0.347579114928805
169 75 24 0.6606379969663586
185 71 103 0.5678725654029734
67 113 41 0.7386200079468147
71 321 102 0.045705348680132984
