88 397 34 0.47341552755973226
17 69 103 0.8104946830171892
30 65 89 0.5574357107871515
66 128 27 0.26670044586752795
124 66 27 0.8514219462622565
191 46 72 0.9520817597001242
112 274 57 0.6609073607191744
185 394 21 0.6194818419563117
174 369 23 0.09174984304405087
6 337 35 0.020648792299420515
78 264 62 0.7966380175476578
141 153 94 0.1812097302311949
58 53 94 0.009161942505367393
71 185 84 0.1475217550490182
16 203 99 0.3691433319983799
134 342 52 0.16643234653470051
74 256 55 0.8602539263107701
200 114 27 0.8650621469469602
37 211 57 0.4227210366304398
71 24 33 0.5092740763630401
106 36 79 0.8782082686863882
46 88 39 0.35122712687777224
36 374 24 0.7172510572643953
61 89 49 0.021908806414140947
172 70 104 0.6791303960638775
144 263 64 0.42434655143032296
140 160 47 0.6378618689467277
44 383 78 0.9326246273080832
114 238 36 0.6254319393599213
148 234 32 0.5739905594561377
45 58 66 0.13082592061510645
30 320 64 0.37651516579237343
