132 284 33 0.9349071748195332
157 353 69 0.19980409454531722
41 382 63 0.5335462181006407
81 187 33 0.726049214223856
49 199 95 0.7319577405442094
39 330 42 0.8498834458047867
91 232 66 0.40717420927190107
107 361 28 0.8345982912073538
149 27 43 0.018178130305100848
84 143 94 0.7604972875271052
25 185 26 0.6206540260743606
75 319 105 0.3064758082343564
168 296 81 0.9089112693946263
52 24 70 0.5113460824178104
41 292 48 0.5532444624292732
24 161 104 0.7386501153488254
9 366 24 0.20899724681929877
90 227 101 0.2645564696182472
18 76 62 0.608926469888741
132 18 58 0.005787573185683237
162 365 101 0.2573390068736473
68 208 37 0.1610503442786556
194 366 109 0.5158625697062853
7 395 50 0.28888102857343134
191 146 49 0.03526365155467959
2 86 35 0.2994198528009664
