82 113 42 0.9487582266271106
73 185 49 0.8992174914606598
115 42 101 0.39914139277892713
152 159 99 0.34958290660959945
40 256 29 0.6829641817834264
89 266 36 0.9125591746007704
157 96 96 0.9903408066897655
190 355 85 0.3304352953148043
122 376 98 0.6165721412582299
68 51 72 0.40960711573101216
73 364 72 0.4712982098663825
34 75 56 0.12070868004337454
44 56 89 0.4563906120810176
35 219 26 0.14901828246098792
189 375 103 0.7934822217738068
68 371 70 0.531236953726777
170 346 42 0.5246854077588908
156 164 81 0.7618601976202825
80 190 33 0.4058754039172272
179 103 43 0.8672878216345958
172 359 23 0.41629405697422583
185 69 31 0.4923035762327338
74 359 57 0.9254782668725665
10 131 21 0.8107043703886012
72 206 59 0.03690306231990648
6 368 99 0.36510016731749806
179 240 26 0.6112789943176421
149 388 45 0.8017511702918403
179 65 64 0.8403575190166609
166 160 30 0.6373252297090515
137 157 106 0.48789333290362846
