113 10 88 0.34153340383053044
114 400 78 0.2279123379216753
5 144 47 0.9326054913667999
64 193 85 0.6964799132590975
78 314 27 0.25346271787417185
109 46 84 0.357063441874122
12 23 88 0.3067492780917891
65 137 34 0.47677047475271583
12 121 87 0.9305148155065308
89 336 108 0.673754146338396
62 151 75 0.7359460111076898
72 159 107 0.07571942004934173
182 107 87 0.22247683189749534
144 368 65 0.08383375787840808
149 365 61 0.40648180882692764
38 260 34 0.15633548031219335
1 86 25 0.5999527309245964
169 220 36 0.4204343371112804
200 260 36 0.20395628598187654
164 376 39 0.3214770479701895
21 82 51 0.8326397074298045
88 170 49 0.9814446401851765
108 315 38 0.5730771010038066
110 175 30 0.09440353672684898
140 261 75 0.29266950825583304
103 255 54 0.9787298882837819
159 143 39 0.8814671102505846
128 163 50 0.49649934157751496
161 291 58 0.7972161420254108
137 107 32 0.2793497401416254
150 295 26 0.1661582238379441
93 64 67 0.295806963303341
