87 138 68 0.25900051943696645
29 206 73 0.7923861626290961
59 346 22 0.5634346240130741
101 321 108 0.13404281575249466
87 356 68 0.7402074871574452
68 63 21 0.14459939909577602
150 175 54 0.6140918264257103
162 166 104 0.9506007843801298
39 274 62 0.18348523779790715
91 227 98 0.834204203263301
130 378 46 0.9019084849922636
40 131 106 0.618362519670293
69 239 72 0.2731195717229977
83 95 103 0.7347772824959975
91 63 94 0.41961039153155
26 36 102 0.2439685846248152
194 292 32 0.5336005777206151
49 309 86 0.12038609522160248
198 117 35 0.1505928890789877
179 366 68 0.6663315212690545
193 399 83 0.39051700492033403
192 156 22 0.9834469572219345
21 191 97 0.6596170515311283
136 107 108 0.13085908489613496
119 391 49 0.6894214155606411
45 349 92 0.6707187160144519
