46 21 25 0.9152217239497938
105 175 106 0.8868260371717267
195 396 69 0.08285622765024891
137 136 79 0.11456114567055142
58 195 108 0.5724455521705049
30 17 23 0.9280242371250405
39 312 85 0.3476360663193446
19 257 94 0.08885736864332305
123 351 105 0.8523999798347928
158 272 73 0.9421256479698348
43 15 50 0.8145691363361165
165 285 71 0.7933546482045614
192 349 67 0.6774618203087135
111 146 83 0.28218430484313073
181 115 72 0.9981228974015774
100 172 85 0.21198410902241405
75 226 86 0.7121432065411328
116 183 85 0.3601536355309757
9 120 25 0.767944432678158
120 337 102 0.0728467112065525
65 294 29 0.02539823302223554
1 14 70 0.7984709983881466
199 40 26 0.5382156240222582
76 96 46 0.7810682107376834
61 284 102 0.16566409546606775
65 95 76 0.1129632076646877
166 171 63 0.5209599462680827
