193 372 94 0.7817854858082948
101 240 58 0.9495247000739154
71 8 59 0.30430207582889757
146 132 96 0.7911522272916871
102 129 86 0.08069158433855117
143 61 76 0.21567300405074752
100 87 32 0.7424827562692069
103 232 51 0.8338023193414162
164 317 24 0.44757395364536023
112 5 31 0.37469944406118905
119 381 108 0.039866547816265197
132 385 87 0.3979875702492903
167 122 68 0.39699587856527685
28 113 78 0.09896282227006337
158 400 72 0.7423111829287363
4 70 88 0.3792919645851067
157 398 49 0.7191824022926725
162 36 101 0.4070036533705762
138 299 47 0.7714405207904319
103 70 90 0.524508287057889
82 249 104 0.11131786089770712
102 41 40 0.8096162528480382
84 111 25 0.14025874180604125
149 295 38 0.02350126735580138
40 5 35 0.5577743797352419
138 48 80 0.19265542687078563
98 355 88 0.629510724315117
154 170 29 0.08203054280577893
69 163 28 0.6433574434763997
139 258 60 0.7502824423115276
58 250 68 0.3769716580985365
154 46 81 0.671213952923726
