21 224 25 0.2774958709378986
41 137 60 0.23945637297784605
179 170 53 0.7141664072342964
54 176 100 0.6575262284398199
168 187 92 0.01755641285446874
49 318 99 0.6672766037447249
85 163 75 0.015900884399089987
157 222 59 0.7173829452056076
64 248 98 0.9911129737932219
170 164 24 0.4456248962438867
187 265 92 0.16260695144713644
59 158 31 0.205434079685472
182 296 29 0.18407775856253705
109 142 28 0.11832169748672472
17 400 50 0.7034821640726606
108 244 46 0.7327053569883575
91 112 76 0.8748750214563359
200 82 75 0.9839096520833667
14 280 105 0.638837642543349
101 100 47 0.01689145471610909
120 142 68 0.42399712044156856
160 299 45 0.3669207647762771
13 197 44 0.35817399502502567
162 294 95 0.05887134595054644
170 293 98 0.7348791993016094
100 205 100 0.06746738346908154
