158 209 28 0.1705289171357971
178 118 44 0.910795826668633
2 373 95 0.5509390495900011
51 69 21 0.31984985445997804
111 236 91 0.7767169385208825
150 237 36 0.46962676286601623
138 157 81 0.11174806886505195
166 13 54 0.8301825470376686
106 340 103 0.8779117454054725
181 278 27 0.6053741453801017
8 44 40 0.39015446150561284
164 108 51 0.0009754184357047002
116 129 105 0.30569437442941794
167 128 97 0.15740889057918372
30 136 90 0.6943528588193211
71 346 78 0.7248014696141666
127 321 24 0.4841875984909527
66 152 24 0.5056771437557187
153 6 88 0.9398213072115417
118 234 23 0.6157145224598499
150 399 36 0.3710425304169881
200 259 63 0.24683810482481916
2 47 83 0.28410301542337413
109 270 50 0.8500375624864662
118 171 107 0.21500326135552839
188 113 94 0.9459151990724682
102 162 66 0.4551167715040294
26 265 47 0.9551447809473971
181 156 84 0.4568107559502099
187 212 109 0.6236866011100342
