154 114 88 0.8675143842215067
45 378 30 0.1776236986803128
55 239 69 0.16076618720534508
183 202 36 0.39334130484054874
91 85 84 0.29968243016745666
168 372 65 0.4554681684219519
140 72 73 0.7636145665263828
101 167 106 0.3434416596211213
22 377 37 0.2337368228233202
168 363 32 0.22600690502084042
122 370 86 0.752664018151821
85 291 106 0.8034382080313028
108 266 100 0.3045322026092696
2 196 29 0.7080900622275527
21 176 76 0.39395695996343094
76 249 77 0.758868688205045
9 202 68 0.8724903774969447
136 331 76 0.5063725019554283
