173 122 93 0.25571583267394626
114 218 96 0.945278714638764
65 242 106 0.5367169169877212
23 15 54 0.8284420440912713
172 15 104 0.43459417332439454
45 4 45 0.05008879681728884
190 233 75 0.6269639001130729
89 91 69 0.6028492161439833
15 384 53 0.07229459125414395
63 388 90 0.34276366859367235
104 181 56 0.058831413270811206
89 301 42 0.5561709949435204
17 226 21 0.9212539082221343
44 388 40 0.774782181682606
199 351 90 0.7062084000361577
25 259 63 0.2678753355197727
139 185 29 0.02194384272194283
46 105 49 0.6237209703073378
73 135 86 0.8947746316004813
137 173 68 0.9451341356260895
155 211 107 0.9026423392884676
114 325 40 0.19390921376122217
120 218 71 0.43602851774502804
154 139 79 0.7379159264286189
63 239 25 0.4536435114505585
91 83 78 0.9256380668315781
52 118 70 0.7122635134976304
78 25 47 0.5271795485395709
