113 366 91 0.43260746453424337
115 192 72 0.9924511017471919
14 66 85 0.4632002298286948
73 384 31 0.27934608496046087
81 142 95 0.4627959017383102
46 229 109 0.5293456255983587
136 107 51 0.8920502653351213
46 375 33 0.5633120291798299
126 15 83 0.7602590769385275
20 295 96 0.9060116642874189
34 221 61 0.7523438133570958
199 93 43 0.8422464167685317
50 25 90 0.6078280502364384
21 1 77 0.45343674268539214
133 197 53 0.9559216036152071
163 235 55 0.9375736712251427
26 233 21 0.6597355509474166
126 258 89 0.6380283818245591
28 120 36 0.2542396828546448
6 181 27 0.5261581735641601
104 11 62 0.5285022899086378
44 108 109 0.6829066412181729
185 239 100 0.021041696160506218
13 191 82 0.2621093790900574
8 2 57 0.7633101674488255
95 128 80 0.5042752145437789
90 123 80 0.4133108330210028
3 374 84 0.1299883246136423
84 304 91 0.6766883807044395
48 261 34 0.30201175348638454
