163 221 68 0.9396647648511679
42 212 59 0.6260051383090564
128 34 96 0.7743580415145392
154 264 94 0.21478278827358932
123 168 57 0.40445545567398844
85 43 32 0.19574466964895776
47 349 64 0.7326913100456004
76 222 93 0.1966327144767458
33 70 95 0.6736765526962291
189 80 77 0.3822586775367949
115 301 102 0.20235299104518656
191 133 66 0.4361779127581461
180 293 31 0.5064691828582149
0 86 71 0.34858063530397
149 374 84 0.6291622713129164
114 122 104 0.9072289973301286
185 88 48 0.9017417128713927
136 169 107 0.7162535857227545
145 30 70 0.5390149503949954
110 391 40 0.5481752114883582
46 174 48 0.5317317422692512
162 95 70 0.3160279674654155
91 21 102 0.6698421480824233
109 138 58 0.32287515536026357
97 182 51 0.24430425168465097
182 42 61 0.2899521585949888
130 28 36 0.47443525274492293
31 102 55 0.7237061994443305
27 139 26 0.07270113170837311
196 155 24 0.38050226041217816
20 29 37 0.6899226918576319
31 32 41 0.3643192344690229
152 65 44 0.8918674212469881
50 99 25 0.8568505842252679
20 302 45 0.37629185850160896
