171 357 69 0.7168608241332224
178 102 108 0.24932281980736193
144 255 33 0.26162498808079626
96 144 91 0.28609357563013627
158 302 98 0.9846311645376857
22 137 47 0.5219983780142559
17 351 90 0.10541112076616621
105 391 59 0.26267179571187405
141 170 103 0.14193271721582001
163 61 24 0.40075804314515995
40 265 88 0.6059974812499014
3 102 55 0.8437119206933954
87 239 49 0.11752847344113682
158 51 81 0.17257083199088308
127 256 61 0.4797744691275849
168 350 64 0.1048826244223744
48 55 37 0.05060408251144921
30 25 59 0.8252649067644896
155 174 51 0.14760780276713192
139 87 35 0.41071361918838734
26 6 101 0.697112552292095
155 8 43 0.1797597798477385
66 44 106 0.6182504474429744
17 326 59 0.7130114369409176
98 231 96 0.12539168035362347
42 44 93 0.03823138384427671
10 265 79 0.0627388194520554
34 349 78 0.08639276444650779
151 188 77 0.8307077100617898
123 143 54 0.0134702704485673
153 76 55 0.7765744470916783
7 19 107 0.14367822492192994
99 34 75 0.28732206654043324
