1 280 63 0.3796734435432322
56 18 32 0.49830033556543374
19 138 25 0.9829820354301754
179 318 90 0.2798254539189573
90 331 85 0.9724225408828142
107 5 60 0.32575910301563926
163 272 45 0.35325285514348614
61 125 66 0.17388545134862166
61 133 106 0.1589060626869926
138 69 29 0.6197508558780945
35 252 93 0.6948150959403295
73 271 35 0.747329434083596
139 379 64 0.4947277607367174
199 301 68 0.7876126049530358
40 67 66 0.7368492275681573
3 128 54 0.24189196708521665
151 114 71 0.6164199625922453
40 340 40 0.9684326863265956
117 265 72 0.20658317166543338
146 368 49 0.9268185205972733
157 45 43 0.7561556970166146
130 232 75 0.4660887797315223
99 57 69 0.47889374038450594
183 106 61 0.8096518481897519
11 309 84 0.9642376247486993
173 148 105 0.23009151838123365
46 277 103 0.6813762409278566
144 126 67 0.25957203941744644
64 147 108 0.9129763523670145
93 294 93 0.9618448658728483
28 63 50 0.4722519519616506
188 283 82 0.4556116992765832
26 194 107 0.9842277541768059
160 148 96 0.9588558837149719
13 204 39 0.5201106505097484
32 15 99 0.580307449765065
134 179 104 0.7069963671977884
151 332 22 0.6570084063255784
193 305 96 0.23951019409119212
