49 197 61 0.17838825364040234
12 118 41 0.5618047689902366
75 260 91 0.7063708018895515
111 374 80 0.7762971338416654
25 248 51 0.9916426181775722
117 307 66 0.2699881858543989
12 36 32 0.2773914241006997
6 282 48 0.17758555263770914
92 369 88 0.01679819236129132
4 248 72 0.34240723771954273
80 254 68 0.8539893941575607
123 382 41 0.6289830495519673
30 125 63 0.5527482821923857
195 276 103 0.5907535997307007
33 126 58 0.11679029821002385
97 212 36 0.7457115812179061
180 154 45 0.37331057172950877
120 257 62 0.41284776092139885
98 378 46 0.058481762544600024
53 304 50 0.03752904170991189
152 174 101 0.19611136151533615
2 275 89 0.30075266715944915
120 149 36 0.4719545036024553
152 209 100 0.9735779062562695
20 23 108 0.8770993192529613
152 51 89 0.9220210996549218
36 356 108 0.09206569503582906
