31 169 84 0.2055322171182865
62 87 99 0.9249639520070468
64 354 97 0.2363040314740208
38 71 39 0.7338293924421557
108 145 32 0.025177670287617193
11 247 96 0.04586613329739753
131 30 56 0.7690285180200117
10 150 42 0.032367519189257954
157 49 106 0.013763512072329065
102 333 86 0.6792388950161881
25 262 108 0.35727574374661264
77 52 71 0.02199965664430026
178 147 80 0.4255770245543382
158 268 89 0.07257338673230951
135 310 39 0.3857387642317246
197 93 57 0.058341727477046135
161 114 100 0.5849568469888939
87 175 59 0.09314376043792283
116 138 100 0.5383798809585713
20 171 65 0.8557041300119947
108 167 39 0.3745134067605418
190 223 80 0.19076365295182662
62 45 86 0.3770139549096626
126 256 46 0.2510900864989575
