132 59 61 0.03934656202509612
143 158 73 0.3963098016369333
0 65 87 0.34487325466953833
145 229 52 0.222683298132609
165 358 70 0.4661399654094285
29 238 46 0.27803292199136953
112 140 25 0.6646810270260358
167 368 29 0.5433396932413056
95 353 41 0.35558430574526556
52 208 81 0.031719706000876924
129 144 24 0.8654516338210004
148 325 105 0.9426229686637768
60 273 29 0.20590698574086752
12 116 76 0.8782346953547048
92 88 105 0.5869528277675478
46 1 53 0.28186742611155646
108 157 57 0.0968356361223579
56 267 92 0.2631963543532744
167 199 64 0.6690049496863325
98 387 53 0.4250502721099685
106 331 83 0.24358587683242205
187 99 52 0.14292726076617235
176 139 75 0.9544341708401044
34 159 82 0.1772484457139416
188 388 39 0.3726577302473756
63 100 36 0.6096261737615936
82 83 100 0.3346432864225377
18 209 62 0.022331800867067986
195 294 43 0.76855207120245
6 294 58 0.2118353043600265
95 227 22 0.4236577738784313
84 367 43 0.6656896125723967
170 211 24 0.6986808402477097
102 381 65 0.5839486897668572
21 190 90 0.8118081186259337
49 251 30 0.9840344663692628
91 385 48 0.20720717843593683
78 258 49 0.819121820876259
18 34 61 0.2274839537746468
47 240 64 0.8303155869030433
56 110 56 0.004149941333855045
