143 70 41 0.6276921476474854
173 188 78 0.4034286400194992
200 206 77 0.8474787717595879
177 208 97 0.4288014395178279
89 283 45 0.6228575239939899
82 253 51 0.8021189396979584
149 6 79 0.4961306664681546
158 393 108 0.6815605644064744
140 162 65 0.772006337069969
199 358 85 0.4291231994349952
39 24 98 0.653857343979676
112 374 46 0.344196956578096
144 273 43 0.2631988374789691
199 316 52 0.5673491079353923
130 192 99 0.2969538343013789
80 307 86 0.7890280446554077
132 248 94 0.36852840338295634
56 322 87 0.9291292559635028
150 318 21 0.3357546589570286
187 398 78 0.649353996364145
51 84 82 0.4344751580341536
194 117 105 0.11954930169040434
4 113 56 0.7001831360799273
150 357 38 0.2952280313287523
28 273 67 0.6842538764465657
28 397 43 0.05467317928392912
166 288 83 0.7236710587159176
103 71 25 0.007949069039464907
138 66 32 0.8772163283707421
168 301 26 0.8762913446326973
27 40 28 0.12869539212947456
113 184 44 0.5208349819319451
167 228 76 0.1700237639951434
