48 315 79 0.431484823436849
0 156 34 0.6145724901084477
144 110 71 0.35891389027452025
116 8 91 0.16860375406017902
111 137 108 0.34994643659604663
13 335 103 0.49456096479704204
159 65 26 0.9501268544048395
17 229 92 0.11717405503865264
100 20 22 0.2846274467641575
0 374 107 0.7021792700197803
65 105 54 0.3161589893314204
149 286 59 0.9557784629726875
133 104 50 0.9134317114274788
162 370 51 0.6262837343582743
119 370 69 0.5529637001073067
192 224 93 0.7283777931001905
185 153 51 0.1401689721986914
27 312 67 0.6754843605522259
