149 77 63 0.5555830655626179
68 396 39 0.8634934314966576
181 187 107 0.14580474541544064
195 30 72 0.2568859814565507
161 108 62 0.7916106319221425
14 23 32 0.6511214628887357
66 375 44 0.34044645429827847
187 341 98 0.4443464142455863
189 295 66 0.6560948945689843
60 308 29 0.2922331929140608
168 150 85 0.9600288116851732
122 196 36 0.10249005915725429
52 265 50 0.5980756258753375
122 298 63 0.4694975051597774
51 86 22 0.6387947613993262
6 145 58 0.588867348179484
167 313 32 0.760696157095176
7 94 89 0.7274015650377921
161 66 88 0.6360111637165474
145 127 26 0.4214157390707335
91 107 81 0.5889170565113286
155 395 90 0.01101841561514838
64 237 109 0.859880186616119
72 384 56 0.29174296359139684
164 301 50 0.9683259804678886
50 93 49 0.07812726148799376
0 150 22 0.31311084128418
127 165 37 0.07704181449082492
