71 259 78 0.9903583209513457
171 37 58 0.187284545893601
54 249 80 0.7089924060272357
131 23 73 0.43655344056141465
102 247 52 0.16082526185884605
187 45 53 0.8415496008133205
154 188 25 0.4751042850965014
161 344 62 0.25717953486454737
150 174 51 0.9457945485751907
104 271 77 0.6035037981693481
134 165 45 0.7773089573512288
58 363 21 0.045189872607723336
181 117 42 0.8033919419717435
18 114 81 0.04279297603212262
73 39 48 0.99945236755663
81 366 60 0.844687615468628
111 270 63 0.9689727008543343
25 8 40 0.4565625412148544
83 94 35 0.29474623250968
107 212 45 0.5945848180778046
141 163 90 0.5063193683348868
199 204 49 0.416370125612609
147 362 52 0.5326346012575383
14 392 65 0.6832509967417436
59 130 66 0.9147338858361344
