186 52 53 0.07065282721133381
133 137 33 0.7223269118971126
68 138 50 0.03366368344724113
84 163 45 0.9424686848728072
11 175 30 0.9142714725998884
131 338 98 0.9136387788767556
51 315 81 0.38380408071046224
106 149 82 0.40402994121259184
99 130 47 0.2457263685537543
48 4 30 0.09495809886400308
190 313 50 0.004143062789192853
22 275 36 0.6358900900133332
141 242 107 0.6270828854156466
132 76 30 0.7826443815080987
157 268 88 0.9357926712861565
119 156 27 0.8378114988644862
71 330 57 0.9106704028310252
150 378 107 0.7371021942323773
87 242 93 0.4199700336265324
39 243 39 0.18994080497838084
183 108 64 0.23533741910151473
52 147 70 0.7828307536728053
152 144 38 0.0711724145469661
83 354 39 0.5459833449506505
0 305 98 0.7547778394034131
5 384 85 0.8882899647070701
173 198 29 0.13133383653422293
133 197 53 0.526979257614234
37 311 24 0.050666438874494846
54 240 103 0.5802707089961175
96 227 85 0.9421709399653088
148 41 65 0.32815685421695184
158 319 31 0.9350380234694029
127 239 29 0.42178772257884745
25 64 73 0.704168605576615
67 48 88 0.7250888778102951
46 3 34 0.8779916077193863
24 237 79 0.8723960775419813
161 317 95 0.9202986317581938
42 197 31 0.9080848859735339
45 371 77 0.30845732683748517
47 347 82 0.7635360771180701
127 339 40 0.7229021517771065
30 123 37 0.7417352623813959
35 131 35 0.9645206889939629
4 293 48 0.8462604002949649
154 94 45 0.725058071814894
