177 179 73 0.28567928952951893
175 323 24 0.5111689433376568
83 268 27 0.8547138952451393
121 280 38 0.8779236115522362
100 312 46 0.23015289312163312
200 160 44 0.22280933952490622
44 251 109 0.3968068006738892
194 265 30 0.5492866417094411
5 178 37 0.5639403271235774
185 85 22 0.4866764090621746
73 290 56 0.5310298101051696
176 395 53 0.7362546117590401
100 320 95 0.7719631287270227
94 361 47 0.43999935350236374
50 396 70 0.5936909169680706
172 229 92 0.20787604807953053
64 277 64 0.6142100205393934
52 223 58 0.252314292002802
133 375 100 0.5559332187403301
9 290 63 0.06791425410151986
135 247 102 0.22760306159084376
184 106 36 0.8847816807204494
174 5 89 0.10942684865541574
71 107 94 0.6281177437228891
91 21 80 0.5465361821001227
159 44 87 0.4975690958483675
112 28 106 0.4915726423960596
185 138 103 0.8358601809308012
36 389 52 0.46198270812944786
145 363 30 0.7532443834790242
41 117 91 0.062292411778898216
129 171 27 0.9988348793610394
109 163 68 0.8672757679618605
115 190 37 0.3137601837154903
173 258 47 0.1729262652648098
56 291 96 0.6540377768493152
92 346 28 0.16136808373484612
159 237 22 0.5479855833232288
129 264 58 0.3109768957874667
