176 394 106 0.42218730366859647
197 48 51 0.10589117580163065
16 346 73 0.7175041846192833
179 163 25 0.3712230877092765
90 110 67 0.8908366100356511
39 152 58 0.5757551221023336
65 222 67 0.6433429838847663
88 266 80 0.2054424808774088
190 143 26 0.9555123147287803
159 189 54 0.33074272989384
110 270 108 0.31513708277386576
169 289 58 0.7550156214193032
107 109 96 0.047103989171826344
117 99 59 0.07349369259532301
70 372 57 0.3806196270360328
129 296 83 0.7483057952167447
9 216 90 0.4490550147103358
175 114 92 0.19698876531448706
136 102 72 0.3865072462205773
111 160 32 0.5575822644250302
116 318 88 0.6637795803028284
65 62 92 0.5952351540887916
169 297 74 0.747097442306364
133 236 71 0.7638226562762364
90 73 102 0.7395545339477371
