87 165 63 0.04924682150983428
61 45 75 0.15811455505745708
61 92 72 0.028091129411838334
9 256 35 0.44137954691715453
22 243 26 0.6920351731060385
113 178 52 0.5773618767318646
188 34 43 0.030575617873435434
28 171 35 0.9620942772871746
81 252 72 0.42539953002123154
60 110 101 0.6524237270571177
158 351 85 0.7922936022013264
45 340 76 0.30858873490950156
149 362 25 0.37922847651268166
17 216 102 0.9842160767647397
163 65 76 0.703783495474053
128 127 91 0.28947378205106267
138 230 104 0.5666134060811893
172 376 23 0.2632091418082314
148 393 70 0.23926130395806566
92 362 52 0.4357354584208204
166 63 52 0.8000253276473127
7 246 52 0.3037757931083329
122 183 102 0.21814792682471695
156 107 53 0.19645989848501066
8 152 81 0.515744331925866
64 7 27 0.5636551304468728
46 389 23 0.4592066796009915
97 267 31 0.1590366807569341
