118 37 103 0.6398886619032038
138 228 54 0.6301415195785617
117 165 62 0.3016233159781495
115 386 64 0.9128871132735628
170 154 79 0.5953510417218159
155 37 65 0.6935650266500446
174 126 99 0.2468896174633446
199 357 82 0.7125134983012581
73 141 101 0.24941056844871368
74 132 81 0.5250100894574741
196 120 34 0.7649380959464378
163 68 107 0.08779926200347477
109 265 67 0.14192806393553414
101 79 105 0.4653420541741393
129 241 56 0.22271455117379158
58 275 107 0.7764185112815178
45 289 71 0.08458353304784694
199 319 95 0.9703433585344544
34 2 102 0.7459106976887901
83 208 105 0.32890722604655687
75 334 32 0.09805378258788533
17 394 66 0.5439675619942979
61 148 108 0.540686558275844
92 292 62 0.20002819386316562
163 11 43 0.9691671656677435
194 246 51 0.11286970773161886
144 180 21 0.336475134071493
172 176 26 0.3071661088670291
129 82 108 0.3217923106448083
4 138 105 0.7375773330810284
141 30 62 0.0729438198860507
