115 179 48 0.8993149138654208
148 175 41 0.249541088333748
79 336 23 0.8557346160393927
174 187 37 0.5024877961818289
19 103 53 0.04950103287176277
167 154 87 0.8895539911596386
188 126 86 0.7362668189396029
142 220 41 0.9731644595677803
76 131 21 0.3851806263774322
7 208 32 0.5330330954198373
63 320 74 0.28108950945834554
155 248 67 0.33077241561428283
15 45 76 0.7450676394152919
4 208 76 0.2841970550078664
101 93 35 0.5431236516737886
146 214 81 0.545525867346346
128 351 93 0.4925516986976126
92 121 86 0.8144253430954247
104 75 54 0.04196122363974408
150 217 59 0.5758189290476949
70 223 75 0.05559283309918717
156 234 90 0.04376619737759613
175 123 71 0.28854106656811607
93 329 48 0.09805786442554143
64 115 51 0.5731690509067231
150 392 67 0.939867806945181
78 133 60 0.27546406594747197
44 347 45 0.5701501050435491
55 195 94 0.796102431910588
24 220 67 0.6538596743925956
