181 299 58 0.0680400235517975
41 161 21 0.6111368951415571
102 161 48 0.5262631617379182
166 157 55 0.6105665264562006
91 353 34 0.41750702394624095
164 91 21 0.09800182453781736
96 288 31 0.24184939168517094
140 187 68 0.9504152319298973
179 292 71 0.7185861878453144
66 67 39 0.9875660166663586
185 282 65 0.2526882781451931
58 107 63 0.906167574675363
152 86 108 0.48824395929499176
35 135 47 0.2965441083969357
105 383 83 0.07281647132347135
123 28 106 0.7990408305898393
195 232 40 0.36930500938754707
152 264 87 0.3100676364462688
86 132 60 0.6495982772480132
172 62 86 0.6610709887174402
179 368 34 0.8287114383180707
9 334 82 0.7150197181582888
54 58 72 0.24990391428351189
195 325 54 0.8235520786504461
136 148 95 0.15702854027587054
