182 216 56 0.13165374482289516
187 82 44 0.41222188811050875
16 52 64 0.9782263614139163
81 128 62 0.32154469226715054
19 30 59 0.07096543417868906
51 325 82 0.8078353535205468
138 339 108 0.4969935923177027
82 242 91 0.6336257026279455
145 312 90 0.4015202442275323
83 152 38 0.12181034040279803
43 67 51 0.5068644083486253
127 243 37 0.2387193298147795
82 193 89 0.7703589764634956
152 68 86 0.7751057119452774
122 190 74 0.039336555828826114
23 379 77 0.8234033510819453
147 355 31 0.9245796218869805
119 222 60 0.4535755753090458
33 380 37 0.9241894837754291
62 340 74 0.3523823930447322
187 390 57 0.8348155491729949
89 375 99 0.7336674853526831
74 222 103 0.1584594022666309
