98 107 63 0.387925965301417
24 347 31 0.41710407327641374
55 176 41 0.3338822869132875
161 85 53 0.44826300551055653
148 243 75 0.0627348083831415
25 380 56 0.27939352363974124
0 274 71 0.7107360795828459
178 25 97 0.6833778175904522
194 263 94 0.9409185759310095
52 163 106 0.7996990907719984
188 391 67 0.4556243036529132
70 109 58 0.16561478965560283
76 264 94 0.3128738375092056
86 181 42 0.4746706100694691
27 331 48 0.5108602354518527
63 267 88 0.619815523475013
90 5 29 0.13245381305858317
121 345 54 0.003767891855118166
83 176 44 0.34893401782124667
0 278 46 0.05124893751527859
161 290 61 0.944793598905001
7 117 102 0.041434721453678325
78 87 62 0.31512021284470226
114 162 66 0.1714095520749962
147 59 79 0.21687986635504486
196 175 21 0.9394251522846071
101 268 78 0.07087650684322122
84 53 92 0.5142321354196326
156 131 23 0.8296848297681885
23 373 32 0.41167800635941865
60 255 94 0.3529766406453637
77 381 23 0.5168496085999917
106 158 37 0.5421256317349483
67 222 75 0.18373697530354116
41 43 51 0.6087726269019413
148 51 69 0.8548256368658711
107 291 79 0.20783292248480645
191 110 44 0.6515173245021475
181 106 108 0.16528773906503968
26 89 49 0.9304157846910301
195 52 69 0.7637108036334155
118 230 103 0.7218114923180741
