76 34 92 0.557387559412809
177 85 107 0.9707875825372665
89 94 49 0.40118461401478855
14 155 104 0.7007025804640242
39 174 34 0.014035368021501737
196 144 87 0.352880322545869
69 218 94 0.23788862866102134
159 218 89 0.13394554552677884
25 138 39 0.5143548654819337
3 282 98 0.6694840719624808
38 322 73 0.3554963507351102
90 375 29 0.1957296026537214
38 183 87 0.3607802192514411
151 295 77 0.5585309993236787
197 73 94 0.9183398393225914
0 345 25 0.9251707824609728
11 136 82 0.9181624899703797
97 377 98 0.6628539615388064
133 345 74 0.31181618974564385
200 174 65 0.9145071771082055
189 339 37 0.9287035097633416
67 178 93 0.5827791887727599
16 266 97 0.5899901990961317
43 218 98 0.5766056365557334
190 151 24 0.7838434042907076
138 359 49 0.3993902497386581
80 397 33 0.7207222769286421
23 157 26 0.9680777113679109
