84 4 25 0.49494873662883854
61 379 27 0.7325013964850436
176 174 82 0.28542580699923525
13 166 92 0.8385884597248293
11 7 35 0.9831426331067752
170 289 81 0.5721055886826156
80 326 68 0.148709931078148
129 56 49 0.06721374511335965
62 51 91 0.37173324049512146
89 298 69 0.7717727948542917
88 47 83 0.2422984785075173
92 357 25 0.9306455137829533
55 79 61 0.613025978840483
96 231 44 0.8755186835855194
17 188 61 0.4262159442362904
1 258 46 0.3303792910512593
193 217 29 0.9326298653407629
116 149 72 0.03744380031130712
92 131 33 0.20905747846728695
92 260 65 0.20935587720132032
117 278 104 0.6389984176085544
196 233 21 0.9284046328706941
11 33 107 0.27564734937547564
143 321 35 0.10782789269555515
59 375 33 0.21867327266500047
121 37 90 0.24434223212863704
