192 242 30 0.16650998386930804
157 227 39 0.6282163202174652
195 356 105 0.531036311663414
196 267 54 0.5770017915970764
49 285 46 0.19459986433157495
9 143 96 0.3391858116809052
169 331 65 0.3422509096474172
108 165 22 0.6236793169012878
146 75 62 0.046774506232494795
200 372 42 0.5215834335090763
50 400 54 0.968942506436257
98 375 73 0.151294450049705
82 201 37 0.1614088363623858
165 392 90 0.9812576717059743
76 68 23 0.07696324654430264
72 115 47 0.7289501933889778
93 90 81 0.5183089906771553
77 82 75 0.22398497184741362
124 337 26 0.22732377138780857
53 34 32 0.9915939382598581
140 105 81 0.7657364705283857
159 86 94 0.06929158716178851
32 345 31 0.8838050374617452
165 172 22 0.6847430164968972
160 307 108 0.3886099875412189
132 302 87 0.5306644807371944
189 46 108 0.3250445222377031
143 146 98 0.9446110875367
112 97 60 0.9411653546930465
75 254 82 0.2408600903132051
