100 153 56 0.8667849545014088
67 400 98 0.6095334433661785
134 263 84 0.20956025967747494
13 323 22 0.5217336639333033
58 384 93 0.6111881103745695
157 293 23 0.6479539573085407
84 307 90 0.027313212212427995
129 198 68 0.084714002376725
111 223 36 0.3907299094248782
103 317 75 0.8403119611549494
64 247 25 0.115190246127166
42 358 72 0.9500272041350727
99 337 56 0.07324244397930002
97 155 63 0.6266286131833294
196 145 62 0.26149305458107275
59 284 102 0.11735467624109608
151 391 65 0.9144306204566562
33 384 22 0.05184221284435453
177 133 68 0.7328417067016167
98 257 104 0.3446697204335064
147 382 62 0.7070269009211722
54 91 103 0.05403905607909576
3 332 45 0.46303400429956
179 353 73 0.46883259574998637
78 384 80 0.42635240912537187
177 336 52 0.2120192645139113
169 206 27 0.895094286695962
155 304 84 0.043829682347785615
162 10 40 0.1533339352967622
43 144 99 0.6119334479905465
91 223 22 0.032821898117094794
21 271 73 0.974852228076666
43 37 25 0.27581135904780185
197 184 82 0.23644667834848443
185 46 68 0.01609561402978077
194 135 26 0.6687569296312222
111 34 30 0.3452895721961652
150 314 98 0.26052562031403204
