32 8 93 0.4331
39 11 89 0.5197
44 10 86 0.6535
54 6 81 0.6929
60 12 77 0.5197
71 14 74 0.6142
83 6 69 0.5906
99 11 65 0.5906
114 3 62 0.5669
160 21 57 0.3937
161 32 33 0.4646
161 35 45 0.5039
165 24 61 0.5433
176 12 64 0.5512
393 6 26 0.7795
393 12 38 0.7402
405 15 57 0.6299
418 8 60 0.6535
431 18 50 0.6772
432 37 38 0.7008
432 16 62 0.7008
432 18 57 0.6063
433 4 53 0.5039
458 7 53 0.7244
459 9 62 0.6299
472 7 50 0.6693
485 3 62 0.5827
498 6 64 0.6693
510 15 46 0.7559
510 38 34 0.6772
512 13 65 0.7165
513 3 62 0.4882
514 9 58 0.6142
538 7 58 0.6299
538 9 65 0.6693
551 8 46 0.685
564 3 65 0.6142
575 7 67 0.7244
590 13 45 0.7087
590 32 33 0.6299
590 15 64 0.7165
592 10 55 0.622
592 17 60 0.6063
617 9 64 0.6535
617 7 55 0.6378
628 5 45 0.6457
642 4 62 0.5039
655 9 60 0.6614
667 6 60 0.5669
668 11 50 0.6772
668 31 38 0.6299
680 34 62 0.685
681 11 57 0.6142
681 11 53 0.6299
706 3 50 0.5906
721 10 57 0.5354
733 7 60 0.6457
744 15 46 0.7165
745 39 34 0.6535
746 15 62 0.7008
747 11 53 0.6614
747 18 58 0.622
773 7 53 0.6378
774 8 62 0.622
787 8 46 0.7008
800 4 62 0.6378
813 6 64 0.7244
827 15 65 0.6929
827 13 41 0.7244
828 18 60 0.6457
828 36 29 0.6772
828 11 57 0.6299
830 6 64 0.3701
857 10 65 0.7087
857 8 57 0.6614
870 7 41 0.685
884 3 65 0.622
895 7 67 0.7402
910 14 64 0.7008
911 35 36 0.6614
911 16 48 0.7402
912 10 55 0.6299
913 16 60 0.378
915 6 61 0.252
938 9 64 0.685
938 7 55 0.6535
953 6 48 0.7008
963 16 62 0.5197
975 8 60 0.5906
990 57 62 0.6693
990 30 57 0.6142
990 27 53 0.6535
991 8 50 0.7953
992 11 38 0.748
1018 7 38 0.7087
1035 10 38 0.8504
1036 3 26 0.6929
1050 11 57 0.5512
1061 8 60 0.6535
1075 17 50 0.6693
1076 37 38 0.6929
1076 14 62 0.6693
1076 18 57 0.5906
1076 10 53 0.6693
1103 9 62 0.6378
1103 6 53 0.6614
1117 8 50 0.685
1129 3 62 0.6299
1142 7 65 0.7559
1155 17 46 0.748
1156 40 34 0.6772
1156 17 67 0.7087
1157 16 62 0.6142
1160 11 58 0.5039
1184 8 58 0.685
1184 8 67 0.6378
1198 6 46 0.7008
1210 3 67 0.6535
1223 7 69 0.7008
1238 15 43 0.7638
1238 35 31 0.6929
1239 16 70 0.7402
1239 13 62 0.6142
1264 14 70 0.6929
1266 8 62 0.5669
1278 8 43 0.7087
1292 19 69 0.5512
1305 4 67 0.4724
1317 10 69 0.6378
1319 34 38 0.6378
1321 13 50 0.685
1321 6 65 0.5039
1332 29 62 0.7402
1361 8 50 0.6772
1401 37 34 0.6614
1401 16 46 0.748
1402 13 65 0.6929
1402 10 58 0.685
1427 10 58 0.6772
1427 10 65 0.6299
1440 7 46 0.7244
1454 3 65 0.5906
1466 8 67 0.6929
1480 34 38 0.6535
1480 13 50 0.748
1481 10 69 0.6614
1481 12 65 0.6693
1485 4 67 0.2362
1494 13 62 0.7165
1520 7 50 0.6535
1533 15 62 0.5669
1546 3 65 0.5906
1560 12 45 0.7638
1560 45 33 0.685
1561 13 64 0.6772
1561 18 61 0.6614
1562 4 57 0.5906
1587 11 61 0.622
1587 5 57 0.6378
1588 10 64 0.6378
1600 19 45 0.6535
1612 14 65 0.6299
1625 7 62 0.5669
1626 3 64 0.4567
1639 10 61 0.7008
1639 10 64 0.5748
1640 9 45 0.8504
1640 4 57 0.6299
1641 8 33 0.7165
1666 7 45 0.7717
1668 4 33 0.3701
1679 8 33 0.7165
1679 9 45 0.8898
1692 3 69 0.7402
1694 3 81 0.5906
1706 7 72 0.8189
1718 12 50 0.8425
1719 5 38 0.7638
1719 16 77 0.6299
1720 15 86 0.7008
1720 15 74 0.7559
1721 3 81 0.4961
1745 3 77 0.4803
1745 10 86 0.5039
1745 9 74 0.6535
1758 9 50 0.6299
1758 11 53 0.6772
1758 9 57 0.5906
1758 4 62 0.7087
1773 3 74 0.6693
1777 4 86 0.2756
1786 6 76 0.8031
1797 9 34 0.7402
1797 12 46 0.8189
1798 13 77 0.7559
1799 17 89 0.7165
1799 17 82 0.5827
1801 5 85 0.2835
1826 10 82 0.6142
1826 10 77 0.7402
1827 11 89 0.6378
1839 13 53 0.6299
1840 8 62 0.7087
1842 5 58 0.4961
1852 3 77 0.7008
1855 4 89 0.4646
1866 7 79 0.8189
1880 16 88 0.7008
1880 9 33 0.7559
1880 14 45 0.811
1881 15 76 0.7559
1882 16 84 0.4409
1907 7 76 0.7402
1908 8 88 0.6614
1920 8 60 0.6142
1920 8 64 0.7087
1921 10 57 0.6299
1921 4 55 0.5669
1934 4 74 0.6614
1937 4 86 0.4409
1949 7 72 0.7953
1960 8 38 0.748
1960 12 50 0.7795
1961 6 72 0.8031
1974 24 74 0.7559
1974 23 77 0.622
1975 19 86 0.6929
1977 5 81 0.4094
1999 11 50 0.6378
1999 9 57 0.3701
1999 11 53 0.6772
1999 3 62 0.6378
2016 3 69 0.6299
2028 4 72 0.7244
2028 3 71 0.5984
2040 6 34 0.7165
2040 11 46 0.7874
2041 16 77 0.6142
2041 15 74 0.7008
2041 18 86 0.6535
2042 3 82 0.4567
2044 4 44 0.3701
2067 9 74 0.6378
2067 9 86 0.6063
2068 5 77 0.5354
2071 4 82 0.2126
2080 12 53 0.6378
2080 6 62 0.7165
2082 3 65 0.7165
2083 3 58 0.5512
2095 3 74 0.7244
2097 2 86 0.5118
2108 6 76 0.7795
2121 8 29 0.748
2121 14 77 0.7795
2122 12 41 0.8189
2122 18 89 0.6929
2122 12 81 0.5039
2123 5 84 0.4016
2149 10 77 0.7559
2150 8 89 0.5591
2163 12 53 0.6693
2163 11 57 0.622
2163 9 60 0.5591
2164 7 65 0.7559
2177 3 77 0.7087
2181 4 89 0.4331
2190 7 79 0.7795
2203 15 48 0.8346
2203 9 36 0.7638
2204 14 88 0.622
2205 14 76 0.7402
2207 5 84 0.3622
2231 8 76 0.7953
2232 7 88 0.7559
2244 8 60 0.6457
2244 8 64 0.7165
2245 10 57 0.6142
2245 3 55 0.5433
2259 3 74 0.685
2272 6 72 0.7638
2285 8 38 0.7638
2285 12 50 0.8661
2285 32 74 0.8268
2286 28 77 0.6535
2286 26 86 0.685
2288 4 81 0.4803
2312 12 50 0.6299
2312 12 53 0.6299
2313 4 57 0.5197
2314 4 62 0.4252
2325 7 57 0.685
2325 10 50 0.6693
2326 4 53 0.5906
2327 9 62 0.5433
2340 3 69 0.7323
2343 3 81 0.4488
2353 7 72 0.8425
2366 13 74 0.7559
2367 14 77 0.6063
2367 13 86 0.685
2367 8 38 0.7795
2367 13 50 0.874
2369 4 81 0.3937
2393 8 74 0.7165
2394 8 77 0.4567
2394 5 86 0.5591
2395 5 57 0.315
2408 10 50 0.5906
2408 7 62 0.6772
2408 11 53 0.6299
2409 8 57 0.5906
2421 3 74 0.6929
2424 5 86 0.3543
2434 6 77 0.7402
2447 6 34 0.6929
2447 14 79 0.7638
2447 9 46 0.8346
2449 10 91 0.5827
2450 6 86 0.378
2450 4 89 0.4567
2473 13 82 0.6299
2474 9 79 0.685
2476 5 91 0.3622
2486 11 55 0.5984
2487 8 62 0.6299
2488 11 58 0.6693
2489 3 67 0.7008
2502 3 79 0.7008
2514 6 81 0.7559
2527 13 43 0.6772
2527 8 31 0.7165
2528 14 82 0.7559
2529 13 94 0.6693
2531 13 86 0.3701
2532 12 91 0.3386
2554 8 94 0.6299
2555 8 82 0.7244
2567 13 55 0.6142
2568 10 62 0.6142
2569 7 67 0.7087
2570 5 58 0.4803
2582 3 81 0.6378
2595 6 79 0.6772
2596 3 81 0.6299
2598 3 93 0.4882
2598 3 91 0.4016
2608 8 38 0.685
2608 11 50 0.7008
2609 6 81 0.622
2622 24 74 0.7953
2623 19 86 0.5354
2624 3 84 0.5512
2647 15 53 0.6378
2648 7 62 0.6535
2649 4 50 0.4961
2650 8 57 0.378
2662 3 74 0.6142
2674 6 76 0.8425
2686 11 46 0.8189
2687 6 34 0.7402
2687 17 77 0.8031
2688 14 89 0.5669
2690 5 91 0.3465
2691 6 86 0.3307
2715 14 89 0.7323
2715 15 82 0.685
2715 10 77 0.7402
2725 13 53 0.5827
2726 8 62 0.6378
2727 8 65 0.7402
2730 3 58 0.4567
2742 9 79 0.7638
2743 11 91 0.7165
2766 7 38 0.7402
2767 11 50 0.7638
2768 6 81 0.8031
2770 3 93 0.4961
2783 10 74 0.7559
2784 10 86 0.5827
2786 3 84 0.6378
2803 15 50 0.6614
2804 11 57 0.5276
2805 12 53 0.6693
2805 9 62 0.6535
2822 3 74 0.6378
2824 3 86 0.5354
2835 6 77 0.8819
2838 3 89 0.4252
2840 4 88 0.2913
2847 15 45 0.8425
2847 14 33 0.7638
2849 15 76 0.8819
2849 15 88 0.5984
2849 19 85 0.622
2850 18 81 0.5669
2879 8 88 0.7008
2880 6 76 0.7795
2880 3 33 0.6299
2880 8 45 0.748
2881 3 81 0.5354
2883 5 85 0.2992
2909 8 45 0.7402
2909 3 33 0.4961
2910 3 74 0.7953
2911 3 86 0.6063
2923 7 73 0.8031
2926 3 85 0.4803
2937 16 50 0.7795
2938 15 38 0.748
2938 3 82 0.6378
2939 20 77 0.7008
2939 18 74 0.8268
2939 16 86 0.7244
2966 8 38 0.6063
2966 8 50 0.7402
2967 8 86 0.5512
2968 6 74 0.7402
2993 10 49 0.7402
2993 7 88 0.8189
2993 9 37 0.685
2994 6 76 0.6535
2996 3 77 0.5197
3021 14 77 0.8661
3021 14 48 0.8346
3021 12 36 0.7638
3022 16 89 0.7795
3024 4 86 0.4567
3049 3 77 0.7165
3049 9 36 0.5984
3050 9 48 0.6693
3050 3 89 0.6614
3064 6 77 0.7717
3064 6 89 0.7402
3080 10 46 0.7717
3080 8 79 0.8661
3080 9 34 0.685
3081 9 91 0.811
3109 6 33 0.7559
3109 11 45 0.8346
3110 19 93 0.8189
3110 15 81 0.8425
3111 4 86 0.5354
3126 5 86 0.1024
3136 11 69 0.8268
3143 16 74 0.7008
3152 9 77 0.7087
3158 7 81 0.6929
3167 11 86 0.7323
3174 12 89 0.6614
3185 11 93 0.7165
3189 8 91 0.252
3192 12 89 0.4567
3201 14 86 0.7244
3210 10 43 0.8504
3210 6 31 0.7402
3211 3 94 0.6693
3211 7 82 0.7638
3236 15 58 0.7559
3243 16 62 0.6063
3254 10 67 0.7008
3262 9 70 0.7008
3273 13 74 0.622
3279 12 77 0.6142
3290 10 82 0.6772
3299 22 77 0.6457
3302 4 79 0.2205
3309 8 74 0.5669
3316 10 69 0.7402
3316 16 81 0.7559
3316 13 45 0.8504
3316 8 33 0.7953
3344 7 93 0.6929
3352 12 89 0.5906
3353 5 91 0.4252
3358 10 86 0.6378
3368 6 81 0.7008
3376 10 77 0.6693
3386 11 74 0.5512
3395 4 69 0.7008
3406 8 65 0.7087
3419 7 62 0.6693
3435 60 45 0.7087
3436 54 33 0.685
3438 19 57 0.6299
3442 47 64 0.6614
3443 48 61 0.6614
3522 16 74 0.3701
3536 26 76 0.5669
3560 23 50 0.5906
3562 44 77 0.5984
3562 15 69 0.4252
3583 15 57 0.5512
3600 10 62 0.5197
3613 18 64 0.6299
3626 4 65 0.6693
3628 3 79 0.6378
3641 18 81 0.6457
3655 20 48 0.7244
3656 37 79 0.6693
3657 13 72 0.5827
3673 14 55 0.685
3685 29 77 0.7008
3687 14 60 0.7244
3699 19 62 0.7953
3712 30 76 0.7717
3713 7 64 0.8346
3744 20 53 0.7087
3746 14 72 0.5984
3747 36 77 0.6693
3763 15 60 0.5827
3777 34 79 0.6535
3779 25 65 0.6535
3794 19 67 0.6378
3809 7 69 0.7717
3810 26 81 0.685
3843 20 48 0.685
3843 17 79 0.5276
3844 12 72 0.5748
3861 15 55 0.6299
3877 16 60 0.6772
3891 19 62 0.7008
3905 6 64 0.7402
3905 7 77 0.6535
3905 7 74 0.5906
3919 6 76 0.7717
3920 3 77 0.5906
3934 27 77 0.6929
3935 22 81 0.7244
3935 20 50 0.8346
3953 14 57 0.685
3970 13 62 0.6299
3985 25 64 0.6693
3987 11 79 0.6063
3988 7 76 0.6457
4003 7 77 0.7008
4004 8 74 0.6457
4004 7 65 0.7559
4038 25 45 0.7165
4038 15 73 0.6063
4039 16 76 0.6457
4058 15 52 0.5748
4071 14 77 0.6142
4072 15 74 0.622
4074 17 57 0.5669
4088 16 59 0.6772
4103 10 73 0.7165
4103 4 61 0.7638
4106 3 60 0.5433
4134 44 50 0.7559
4135 22 74 0.7008
4136 13 65 0.6772
4151 15 57 0.7008
4166 11 62 0.7165
4178 10 76 0.685
4195 9 48 0.685
4195 9 60 0.7087
4195 11 64 0.6457
4195 15 72 0.5984
4228 56 50 0.7165
4229 13 65 0.6693
4229 15 74 0.6535
4242 29 57 0.6535
4261 6 62 0.7008
4297 3 62 0.4882
4299 3 74 0.4331
4300 4 76 0.3701
4315 7 64 0.7638
4316 4 76 0.6772
4334 24 38 0.7402
4335 24 77 0.7165
4335 24 65 0.7008
4335 17 74 0.5591
4354 16 45 0.685
4371 11 50 0.7008
4385 13 53 0.685
4386 3 64 0.6457
4387 3 76 0.6535
4388 5 52 0.3937
4401 8 57 0.811
4402 8 65 0.8189
4403 7 77 0.7402
4432 22 36 0.8031
4432 14 79 0.7638
4432 14 67 0.7795
4451 13 43 0.7402
4463 8 65 0.7323
4464 9 77 0.7008
4466 8 48 0.7087
4479 13 52 0.7559
4495 7 67 0.7638
4495 8 79 0.7087
4495 8 55 0.8346
4525 20 41 0.8189
4526 12 81 0.7559
4526 11 69 0.7953
4543 16 48 0.748
4555 7 67 0.7638
4556 9 79 0.7087
4560 10 53 0.748
4573 13 57 0.7795
4585 7 72 0.7244
4587 3 84 0.5591
4587 3 86 0.6378
4590 5 60 0.811
4619 6 74 0.8425
4619 7 86 0.7638
4620 10 46 0.8898
4622 3 35 0.685
4650 9 53 0.7244
4651 6 62 0.7402
4651 9 58 0.7087
4652 7 65 0.7953
4652 8 77 0.7244
4681 3 62 0.7008
4683 3 74 0.6614
4698 7 64 0.7953
4699 3 76 0.7165
4713 23 65 0.8898
4713 24 77 0.7559
4713 11 45 0.8661
4714 6 33 0.7874
4715 22 74 0.6457
4744 9 53 0.7165
4744 11 57 0.7402
4745 5 62 0.748
4759 4 67 0.7717
4761 3 79 0.6142
4773 9 69 0.8425
4805 7 82 0.7008
4805 5 31 0.7717
4805 8 70 0.8268
4805 11 43 0.8661
4834 8 55 0.6142
4834 9 58 0.7087
4834 9 74 0.7008
4836 6 62 0.6142
4836 4 67 0.4803
4863 7 67 0.8031
4864 8 79 0.7638
4893 8 33 0.8031
4893 13 45 0.8504
4894 8 65 0.8819
4894 9 77 0.7559
4922 9 53 0.6142
4923 3 52 0.5276
4923 6 62 0.6693
4923 7 57 0.5197
4923 9 74 0.7559
4924 3 55 0.4724
4926 4 64 0.4331
4950 6 67 0.7795
4951 3 79 0.7244
4967 6 64 0.811
4969 3 76 0.6378
4970 3 77 0.4882
4970 5 65 0.3858
4983 11 45 0.8898
4983 6 33 0.7874
4985 46 62 0.8346
4985 49 74 0.8425
5020 30 52 0.685
5021 25 55 0.6299
5021 24 61 0.8189
5021 40 57 0.6378
5055 7 64 0.7244
5055 3 76 0.7165
5074 14 61 0.7244
5074 14 73 0.7165
5095 14 50 0.7638
5095 12 62 0.7559
5114 6 62 0.5748
5115 4 74 0.4961
5116 3 76 0.5039
5129 8 61 0.7008
5130 3 49 0.6299
5141 4 61 0.5197
5141 4 73 0.6772
5154 4 60 0.7165
5156 3 48 0.4961
5164 3 72 0.7244
5164 3 60 0.5669
5174 5 59 0.7087
5176 3 47 0.5591
5185 6 59 0.7638
5186 4 71 0.7087
5194 6 58 0.7559
5195 3 46 0.6693
5204 6 58 0.5748
5204 5 70 0.7323
5211 6 57 0.7402
5214 3 45 0.5827
5223 3 57 0.7402
5223 3 69 0.7087
5230 16 56 0.7795
5231 3 44 0.6693
5240 3 68 0.7559
5247 5 55 0.8425
5250 3 43 0.5039
5251 3 45 0.4567
5258 4 55 0.7795
5259 3 67 0.7953
5265 6 54 0.8504
5267 3 42 0.6929
5276 3 54 0.7402
5276 3 66 0.7559
5284 4 53 0.8346
5286 3 41 0.5984
5294 4 53 0.8346
5295 6 65 0.8268
5303 6 52 0.8425
5304 3 40 0.6693
5314 3 64 0.7953
5314 3 52 0.811
5320 5 51 0.8661
5321 3 39 0.7402
5331 7 51 0.7874
5332 3 63 0.748
5339 5 50 0.8425
5341 3 38 0.6063
5350 6 50 0.8504
5350 6 62 0.7638
5358 4 49 0.8898
5360 3 37 0.6772
5368 6 49 0.8425
5369 3 61 0.7559
5376 5 48 0.874
5378 3 36 0.748
5387 5 48 0.8504
5388 7 60 0.8425
5396 5 47 0.8661
5397 3 35 0.7244
5407 5 47 0.8425
5407 6 59 0.7717
5417 4 46 0.9291
5417 3 34 0.7402
5421 4 44 0.2598
5427 5 46 0.7638
5428 3 58 0.7244
5435 5 45 0.8346
5437 3 33 0.622
5446 5 45 0.8346
5446 6 57 0.7638
5455 6 44 0.9134
5455 3 32 0.748
5465 6 44 0.7717
5465 3 56 0.7638
5473 5 43 0.8504
5474 3 31 0.7402
5484 6 55 0.7874
5484 5 43 0.874
5486 3 53 0.5039
5493 5 42 0.8661
5494 3 30 0.7559
5503 6 42 0.8189
5503 4 54 0.7638
5512 6 41 0.8819
5513 3 29 0.7874
5524 7 41 0.8661
5524 7 53 0.7953
5533 7 40 0.8661
5534 6 28 0.8189
5545 5 40 0.8189
5546 5 52 0.7795
5548 3 50 0.6614
5557 5 39 0.8661
5557 3 27 0.7638
5558 3 37 0.7402
5560 3 26 0.5669
5567 8 39 0.8189
5567 5 51 0.7638
5568 3 49 0.6693
5569 3 42 0.5433
5569 3 52 0.6142
5581 28 38 0.9213
5581 30 26 0.937
5618 8 38 0.685
5633 13 39 0.7717
5650 7 38 0.7244
5664 11 39 0.7717
5669 4 42 0.2047
5680 15 26 0.8504
5680 18 38 0.8504
5684 3 27 0.5276
5713 7 38 0.7244
5729 12 39 0.7244
5744 8 38 0.7087
5759 11 39 0.748
5776 16 26 0.8346
5776 17 38 0.8346
5780 3 27 0.4409
5809 8 38 0.7402
5824 11 39 0.6929
5840 15 38 0.6693
5855 10 39 0.6614
5869 8 38 0.8031
5869 7 26 0.6929
5871 10 45 0.7795
5873 4 24 0.2441
5878 7 46 0.6142
5889 8 47 0.5669
5899 14 48 0.5276
5901 6 40 0.8031
5901 5 28 0.7717
5908 7 47 0.5433
5914 3 46 0.5669
5918 16 45 0.7402
5928 13 44 0.6693
5930 7 36 0.6378
5931 3 24 0.5669
5933 6 43 0.6693
5938 6 42 0.7008
5946 12 41 0.6929
5955 11 40 0.5827
5960 13 39 0.6535
5969 10 26 0.8189
5970 9 38 0.7953
6006 7 38 0.7087
6020 13 39 0.6693
6036 8 38 0.6772
6051 12 39 0.7402
6068 8 26 0.7953
6068 11 38 0.8504
6103 8 38 0.6693
6119 13 39 0.6929
6135 9 38 0.6614
6150 12 39 0.7244
6167 13 26 0.8031
6168 14 38 0.748
6201 10 38 0.6772
6216 10 39 0.6378
6232 15 38 0.7008
6247 8 39 0.6535
6262 9 38 0.7874
6263 3 26 0.7165
6263 10 45 0.7402
6271 12 46 0.5906
6284 10 47 0.3543
6285 18 48 0.3071
6295 6 40 0.7559
6295 8 28 0.7244
6299 5 46 0.5984
6301 7 47 0.6693
6307 4 46 0.315
6311 15 45 0.7087
6322 14 44 0.7165
6325 8 43 0.5748
6327 5 36 0.2992
6331 3 42 0.6614
6337 13 41 0.685
6349 9 40 0.5906
6352 13 39 0.5984
6365 9 38 0.8189
6367 9 26 0.8031
6400 6 24 0.7717
6400 5 36 0.7953
6436 5 33 0.8189
6436 25 21 0.8189
6473 17 45 0.8898
6473 11 33 0.8346
6474 20 74 0.8189
6474 14 62 0.811
6474 20 69 0.7008
6503 9 62 0.6142
6505 10 45 0.685
6507 4 57 0.5433
6514 3 74 0.6142
6524 9 74 0.6693
6533 8 81 0.5906
6538 15 86 0.7402
6549 9 81 0.685
6559 3 74 0.685
6572 6 33 0.748
6572 12 45 0.8661
6573 13 64 0.7717
6573 21 69 0.8189
6573 21 76 0.8583
6601 6 64 0.6693
6601 15 45 0.6614
6603 7 57 0.5512
6610 3 76 0.7008
6620 6 76 0.7008
6628 8 81 0.6299
6636 16 88 0.7717
6647 10 81 0.685
6657 3 76 0.7087
6669 18 69 0.8425
6670 6 33 0.7402
6670 12 65 0.7953
6670 12 45 0.8504
6670 23 77 0.7559
6671 24 75 0.5039
6698 6 65 0.7087
6699 14 45 0.7165
6699 7 57 0.6299
6706 4 69 0.3858
6710 3 77 0.5748
6718 7 77 0.7087
6726 8 81 0.5039
6732 18 89 0.7559
6733 10 45 0.6614
6734 5 33 0.6378
6745 12 81 0.7323
6756 3 77 0.7244
6769 6 57 0.7402
6769 3 45 0.7559
6771 6 79 0.5512
6771 6 67 0.8583
6772 6 77 0.685
6784 7 56 0.7559
6784 4 44 0.7402
6799 6 55 0.7795
6800 3 43 0.6535
6801 6 69 0.7717
6801 7 81 0.7717
6815 7 54 0.7402
6816 3 42 0.6457
6830 7 53 0.7638
6831 8 70 0.7559
6831 7 82 0.7244
6832 3 41 0.5748
6846 7 52 0.8425
6847 3 40 0.7087
6860 8 69 0.8189
6861 8 81 0.7717
6863 6 51 0.8898
6863 7 39 0.7638
6875 8 50 0.6693
6879 5 38 0.3543
6893 7 49 0.8425
6893 7 37 0.7874
6893 8 70 0.8898
6894 7 82 0.7953
6909 6 48 0.811
6910 3 36 0.6929
6923 6 73 0.8031
6924 5 85 0.7953
6924 7 47 0.8425
6925 3 35 0.748
6939 6 46 0.874
6940 6 34 0.748
6957 18 40 0.8976
6957 14 28 0.9213
6958 8 79 0.8898
6959 11 76 0.9843
6959 7 88 0.9606
6961 3 83 0.5118
6990 16 52 0.7402
7003 14 54 0.7008
7017 15 55 0.7165
7030 15 52 0.7638
7045 32 54 0.7953
7073 8 52 0.8504
7100 7 26 0.8346
7100 5 38 0.7244
7100 7 78 0.7795
7100 6 74 0.8898
7101 7 86 0.7795
7127 3 79 0.8268
7127 7 76 0.9449
7127 8 88 0.8898
7127 7 40 0.8504
7128 5 28 0.8504
7155 19 52 0.7559
7169 12 54 0.6772
7182 9 55 0.5748
7185 4 53 0.3543
7193 12 52 0.7638
7207 30 54 0.7874
7236 8 55 0.7638
7265 7 57 0.8504
7293 7 45 0.8189
7293 5 33 0.8189
7293 13 93 0.8583
7294 11 81 0.8819
7294 11 84 0.7717
7295 3 43 0.6457
7297 3 88 0.4488
7322 15 57 0.6535
7323 3 55 0.5354
7332 4 85 0.2677
7333 17 59 0.7008
7349 12 60 0.7087
7362 4 57 0.7638
7381 6 31 0.7874
7381 8 43 0.8976
7381 16 91 0.8504
7381 14 83 0.8031
7382 13 79 0.8819
7385 4 86 0.3307
7409 14 54 0.7402
7437 8 52 0.811
7464 16 38 0.7638
7465 15 26 0.8031
7465 13 90 0.8031
7465 11 78 0.8898
7493 9 38 0.7244
7494 6 26 0.685
7494 6 76 0.8189
7494 6 88 0.7874
7520 6 86 0.7638
7520 6 74 0.8189
7521 3 26 0.6535
7521 8 38 0.4882
7547 7 28 0.6535
7548 11 40 0.8189
7548 6 88 0.8425
7548 6 76 0.937
7577 29 52 0.7874
7577 17 64 0.7165
7597 8 66 0.5827
7602 8 54 0.7638
7602 4 55 0.7244
7604 7 67 0.6535
7630 28 88 0.9213
7630 48 76 0.9055
7630 16 40 0.8346
7630 30 79 0.7402
7630 10 28 0.8189
7659 19 52 0.7717
7672 14 54 0.7165
7685 11 55 0.7638
7697 6 52 0.7874
7716 12 38 0.6929
7716 29 74 0.9213
7717 37 86 0.8268
7717 19 26 0.748
7717 26 78 0.7638
7743 31 52 0.811
7771 8 50 0.8346
7798 14 40 0.8346
7798 9 28 0.8346
7799 39 88 0.874
7799 34 76 0.8898
7799 30 79 0.7717
7803 4 83 0.252
7828 15 52 0.6535
7841 15 54 0.7008
7855 12 55 0.7402
7867 7 52 0.7874
7885 6 26 0.8661
7885 11 38 0.7795
7886 28 90 0.7795
7886 24 78 0.8583
7888 3 86 0.6142
7913 23 55 0.8425
7939 6 57 0.7953
7967 9 33 0.8031
7968 14 45 0.7953
7968 34 93 0.8504
7968 53 81 0.8661
7969 31 84 0.7638
7970 3 88 0.622
7996 13 57 0.7638
8009 14 59 0.622
8023 11 60 0.7165
8035 6 57 0.7717
8054 12 43 0.8898
8054 36 91 0.8504
8054 6 33 0.7402
8055 31 83 0.8583
8055 34 79 0.8819
8055 3 31 0.5276
8082 6 54 0.5197
8083 8 55 0.748
8109 7 52 0.7795
8140 17 26 0.8346
8140 17 38 0.7402
8140 14 90 0.7874
8140 14 78 0.8661
8170 9 88 0.7559
8170 7 26 0.685
8170 6 76 0.8031
8171 8 38 0.5512
8198 5 26 0.6929
8198 8 38 0.6535
8200 6 86 0.7087
8200 6 74 0.8189
8202 3 84 0.5039
8230 64 40 0.8976
8230 28 79 0.7165
8230 65 28 0.8346
8231 29 76 0.937
8231 27 88 0.874
8326 43 28 0.7874
8326 39 40 0.8189
8330 11 41 0.7402
8340 7 42 0.6142
8348 3 44 0.4882
8355 7 45 0.6535
8361 7 46 0.5354
8371 8 47 0.6063
8379 14 48 0.5827
8389 8 47 0.5276
8398 3 46 0.5748
8403 14 45 0.7165
8412 14 44 0.685
8418 6 43 0.4409
8422 9 42 0.6535
8432 7 41 0.748
8440 30 28 0.748
8441 25 40 0.7874
8451 6 41 0.7008
8459 9 42 0.6457
8467 3 44 0.5197
8469 4 43 0.3858
8477 16 45 0.6457
8484 5 46 0.5827
8493 10 47 0.6063
8503 17 48 0.5197
8512 8 47 0.5669
8521 3 46 0.622
8526 14 45 0.685
8535 14 44 0.7165
8540 6 43 0.5197
8546 9 42 0.6693
8555 7 41 0.7244
8564 16 28 0.7402
8565 16 40 0.7717
8576 8 41 0.6929
8583 8 42 0.5984
8589 4 44 0.6142
8598 18 45 0.7638
8616 14 47 0.5512
8625 8 48 0.4803
8632 14 49 0.4567
8638 16 50 0.6299
8648 12 51 0.6142
8653 13 52 0.6299
8661 9 55 0.5276
8669 7 54 0.6378
8677 5 56 0.4882
8688 8 57 0.6614
8697 9 58 0.5906
8704 11 59 0.6299
8711 8 60 0.6063
8719 15 61 0.4803
8723 16 62 0.4409
8733 15 63 0.6378
8738 9 64 0.6142
8745 8 65 0.6693
8753 8 66 0.6299
8760 3 68 0.5748
8770 5 69 0.6772
8775 11 70 0.4803
8783 9 71 0.6535
8790 8 72 0.5354
8798 14 73 0.5433
8803 16 74 0.0945
8812 16 75 0.5827
8816 8 76 0.6535
8825 4 77 0.3701
8830 11 78 0.5906
8836 3 80 0.4016
8843 8 80 0.5354
8844 5 79 0.315
8862 33 81 0.7087
8863 29 69 0.6693
8863 31 74 0.5906
8864 26 62 0.4961
8864 21 65 0.5748
8865 3 56 0.4961
8866 26 77 0.3858
8871 7 59 0.3071
8896 23 57 0.6772
8905 27 62 0.6457
8910 16 65 0.5354
8917 7 69 0.6142
8925 14 74 0.7008
8933 9 77 0.6142
8942 12 81 0.7008
8951 12 77 0.6535
8958 36 74 0.6535
8970 23 82 0.7244
8970 22 62 0.6142
8970 22 65 0.7244
8970 16 70 0.7087
8971 11 58 0.6142
8971 4 77 0.4331
8997 19 58 0.6142
9006 16 62 0.6378
9012 15 65 0.6142
9019 10 70 0.6535
9027 19 74 0.5512
9034 11 77 0.6142
9044 15 82 0.6772
9054 40 77 0.5748
9054 6 79 0.3858
9063 12 74 0.5276
9073 20 81 0.6772
9073 17 72 0.6693
9074 21 65 0.6378
9074 18 69 0.6693
9074 19 60 0.6299
9106 14 65 0.5827
9107 5 60 0.4409
9108 9 69 0.5827
9108 8 72 0.6929
9108 10 81 0.6929
9108 13 77 0.6142
9138 11 69 0.685
9139 13 65 0.6535
9139 13 81 0.6535
9139 10 72 0.685
9140 12 77 0.6457
9140 3 60 0.5039
9169 4 69 0.6535
9169 4 65 0.4331
9170 6 72 0.6535
9170 3 81 0.6063
9171 4 77 0.4173
9182 12 64 0.6693
9183 12 67 0.7402
9184 8 72 0.7559
9184 8 79 0.7323
9185 4 60 0.3937
9186 3 76 0.5984
9202 11 84 0.7087
9209 15 79 0.685
9212 8 81 0.4094
9219 10 76 0.6614
9228 14 72 0.6535
9233 12 67 0.6378
9243 14 64 0.5197
9256 5 60 0.6299
9286 27 62 0.5276
9287 22 55 0.6063
9287 30 70 0.7244
9288 23 79 0.685
9288 23 67 0.8268
9291 4 74 0.4252
9292 4 76 0.4567
9293 4 77 0.2598
9318 27 55 0.6614
9325 22 58 0.6772
9336 19 62 0.685
9343 9 67 0.6378
9351 14 70 0.5512
9360 11 74 0.6299
9371 10 79 0.6378
9379 6 76 0.2677
9379 15 74 0.6378
9389 13 70 0.6378
9398 15 62 0.6693
9398 13 57 0.6299
9398 22 65 0.7402
9399 17 69 0.7323
9399 27 77 0.7559
9400 23 74 0.4016
9405 10 75 0.1732
9427 115 57 0.5906
9437 28 62 0.6063
9444 18 65 0.6457
9453 7 69 0.6772
9462 9 74 0.6457
9471 14 77 0.7008
9480 9 74 0.6378
9483 4 76 0.4016
9491 77 69 0.7559
9503 35 73 0.7244
9503 14 64 0.7717
9504 18 76 0.7008
9506 22 74 0.4488
9535 6 65 0.8189
9536 40 77 0.8425
9583 4 73 0.5669
9596 10 50 0.6693
9596 11 57 0.622
9596 13 65 0.685
9596 22 74 0.7008
9597 13 69 0.6378
9597 17 62 0.6063
9625 32 57 0.7165
9633 33 62 0.6299
9637 22 65 0.6535
9643 8 69 0.685
9652 14 74 0.7008
9659 11 77 0.6378
9669 14 81 0.7244
9678 11 77 0.5354
9687 35 74 0.5039
9696 26 65 0.7953
9696 14 57 0.6693
9696 17 62 0.7165
9697 23 81 0.7717
9697 16 69 0.6772
9699 23 77 0.4803
9726 18 57 0.5512
9737 34 62 0.5669
9742 18 65 0.6457
9749 7 69 0.5906
9757 15 74 0.7165
9765 10 77 0.5591
9774 12 81 0.7087
9778 9 79 0.1969
9782 12 77 0.5906
9791 39 74 0.622
9802 26 65 0.7402
9802 23 62 0.5984
9803 24 82 0.7402
9803 4 77 0.5039
9803 11 58 0.5669
9803 21 70 0.7244
9833 19 58 0.5512
9841 19 62 0.6142
9848 12 65 0.5039
9853 14 70 0.6693
9861 17 74 0.4646
9868 11 77 0.5906
9877 15 82 0.7008
9888 26 77 0.5984
9896 13 74 0.5591
9905 20 81 0.7008
9905 16 72 0.6693
9905 20 65 0.6693
9906 19 60 0.6535
9906 20 69 0.6457
9937 16 65 0.6142
9938 14 81 0.7402
9938 11 60 0.5669
9938 11 72 0.7717
9938 12 69 0.5984
9941 5 77 0.4488
9943 4 79 0.315
9951 22 77 0.1575
9966 17 84 0.7795
9966 17 72 0.7559
9968 14 69 0.7165
9968 11 60 0.5827
9968 17 65 0.6457
9996 7 69 0.7008
9999 4 65 0.3858
9999 7 72 0.7323
9999 3 81 0.6693
10009 13 64 0.7008
10010 12 67 0.6929
10011 7 79 0.7638
10012 3 72 0.7165
10015 3 76 0.5276
10028 13 84 0.7795
10034 15 79 0.622
10036 7 81 0.4331
10043 12 76 0.7559
10054 20 72 0.7008
10058 13 67 0.6378
10069 16 64 0.5591
10083 3 60 0.5906
10083 7 62 0.5669
10113 34 70 0.7402
10113 18 55 0.4803
10114 21 67 0.8268
10114 29 62 0.5906
10115 26 79 0.5512
10115 22 58 0.685
10115 2 80 0.622
10117 5 74 0.3937
10117 6 76 0.4409
10144 24 55 0.6378
10152 18 58 0.5669
10160 16 62 0.7008
10170 8 67 0.6378
10177 14 70 0.6142
10186 11 74 0.6535
10196 11 79 0.5906
10202 10 76 0.2283
10205 13 74 0.5748
10211 15 70 0.7008
10223 26 65 0.7559
10223 17 62 0.6693
10224 30 77 0.7323
10224 18 69 0.7323
10224 13 57 0.6142
10225 26 74 0.5354
10231 6 76 0.1969
10253 114 57 0.6142
10262 27 62 0.6299
10268 17 65 0.6378
10277 8 69 0.6063
10285 11 74 0.5354
10296 13 77 0.6535
10305 9 74 0.6142
10315 80 69 0.7244
10327 38 73 0.7165
10328 17 76 0.7087
10328 15 64 0.811
10330 22 74 0.4803
10361 35 77 0.8425
10361 7 65 0.8425
10412 9 73 0.6378
10428 21 74 0.7717
10429 14 69 0.7323
10429 15 57 0.685
10430 11 65 0.7402
10430 22 62 0.7402
10430 11 50 0.7244
10461 53 57 0.7638
10462 13 69 0.7323
10494 6 62 0.5748
10494 6 74 0.7795
10494 8 81 0.7638
10494 10 65 0.7165
10531 8 93 0.874
10531 7 65 0.8189
10532 7 81 0.8583
10532 10 57 0.7638
10532 6 69 0.8661
10532 3 86 0.6535
10535 3 62 0.5276
10584 16 26 0.8346
10584 13 50 0.748
10584 20 38 0.8661
10647 7 82 0.7559
10648 3 94 0.5512
10649 3 86 0.4646
10658 9 86 0.7559
10659 11 94 0.6299
10660 10 82 0.8425
10660 8 70 0.9449
10660 12 58 0.748
10661 6 65 0.6929
10663 4 62 0.4567
10710 15 50 0.8189
10710 22 26 0.8189
10711 26 38 0.7795
10784 15 93 0.7717
10785 8 84 0.5591
10785 14 81 0.7323
10785 12 41 0.8504
10786 7 29 0.8189
10789 4 89 0.3858
10817 25 53 0.7717
10819 13 69 0.8031
10849 6 81 0.7559
10849 3 72 0.4331
10851 5 57 0.5669
10851 10 53 0.7008
10851 3 65 0.6535
10852 3 60 0.6693
10887 8 81 0.7795
10887 8 93 0.8268
10887 14 24 0.8189
10887 17 36 0.8189
10901 4 79 0.7717
10903 3 91 0.622
10921 9 67 0.8661
10922 36 55 0.7717
10952 10 64 0.7402
10952 7 60 0.685
10952 8 79 0.7559
10953 3 72 0.7087
10957 4 77 0.2913
10967 5 55 0.3071
10985 5 91 0.8189
10985 6 67 0.937
10986 6 79 0.9213
10986 8 55 0.7795
10986 10 58 0.7402
10986 6 62 0.7402
11026 31 43 0.937
11027 25 31 0.8189
11027 21 55 0.9134
11073 5 85 0.3071
11087 3 91 0.5827
11087 4 81 0.5118
11087 3 77 0.6378
11087 3 89 0.6142
11088 3 86 0.4173
11088 3 83 0.5276
11089 3 79 0.5354
11096 8 53 0.8189
11096 10 89 0.3465
11097 6 65 0.9055
11097 7 77 0.7638
11098 4 81 0.6457
11101 4 83 0.2126
11138 23 38 0.8189
11139 19 26 0.8819
11139 17 50 0.8976
11142 3 52 0.5512
11218 15 45 0.937
11218 10 33 0.8504
11218 15 76 0.9213
11219 21 81 0.5748
11219 20 88 0.8504
11219 18 85 0.7323
11248 5 81 0.2441
11252 13 53 0.7953
11253 10 62 0.8346
11254 26 77 0.9213
11255 28 89 0.8189
11304 6 76 0.8425
11304 6 88 0.7638
11320 8 26 0.8189
11320 13 38 0.8031
11320 15 81 0.7323
11320 13 86 0.8425
11321 8 74 0.8425
11322 2 77 0.6299
11352 38 57 0.7874
11353 3 69 0.7008
11384 3 74 0.7323
11384 6 62 0.685
11384 9 65 0.8268
11385 7 81 0.7008
11387 3 77 0.5433
11418 6 65 0.7559
11418 11 57 0.7638
11418 8 93 0.8504
11418 6 69 0.8661
11419 3 86 0.7795
11419 6 81 0.8819
11420 3 91 0.4882
11421 5 89 0.3307
11460 24 38 0.7795
11460 20 26 0.8504
11462 15 50 0.874
11464 3 52 0.5748
11528 9 86 0.8268
11529 7 82 0.8661
11531 3 89 0.5512
11532 3 94 0.4724
11534 16 58 0.5591
11536 13 70 0.6535
11537 12 62 0.6299
11537 12 65 0.5197
11541 8 82 0.9921
11541 8 94 0.7795
11542 3 86 0.7953
11544 3 89 0.4882
11583 23 38 0.8819
11583 19 26 0.7874
11583 22 50 0.9685
11670 15 41 0.8346
11670 10 29 0.8346
11670 10 81 0.7717
11671 4 89 0.5512
11671 3 84 0.5748
11671 9 93 0.6929
11703 42 53 0.7638
11704 8 69 0.8425
11708 4 77 0.315
11742 4 65 0.7402
11742 8 84 0.9213
11743 13 96 0.9055
11743 8 60 0.6693
11745 5 57 0.5433
11777 5 93 0.8189
11777 16 36 0.748
11778 11 24 0.8189
11778 5 81 0.7559
11795 6 79 0.8819
11795 4 91 0.7165
11812 8 67 0.8583
11813 36 55 0.7559
11842 8 79 0.7638
11842 5 72 0.7638
11843 6 60 0.7402
11844 9 64 0.6693
11846 3 62 0.5039
11847 4 77 0.2992
11873 5 91 0.7638
11874 5 79 0.8819
11875 6 67 0.9213
11875 8 58 0.7559
11876 3 55 0.7402
11876 3 62 0.6693
11915 25 43 0.8504
11915 20 31 0.8504
11916 18 55 0.9291
11918 3 57 0.6063
11960 5 87 0.3465
11975 3 81 0.6772
11975 3 89 0.6772
11975 3 77 0.7008
11976 4 85 0.4252
11984 10 89 0.5906
11985 7 77 0.7953
11986 4 81 0.5827
11986 6 53 0.685
11986 6 65 0.9213
11987 3 55 0.6535
11989 4 83 0.3701
12027 25 38 0.8661
12027 16 50 0.8504
12028 20 26 0.8661
12028 3 52 0.6378
12101 10 33 0.8346
12101 14 45 0.9134
12101 13 76 0.9213
12102 16 88 0.8425
12102 15 85 0.6772
12102 7 81 0.6378
12131 4 81 0.2992
12137 14 53 0.8346
12137 8 60 0.748
12138 27 77 0.9213
12138 8 62 0.7717
12139 25 89 0.8425
12187 6 76 0.8819
12187 6 88 0.811
12204 11 26 0.8189
12204 15 86 0.8189
12205 14 38 0.7244
12205 15 74 0.8583
12206 12 77 0.5354
12207 5 81 0.4488
12208 5 79 0.4409
12237 43 57 0.7402
12238 7 69 0.8189
12242 5 81 0.2835
12268 9 62 0.6614
12268 10 81 0.7008
12268 6 74 0.7559
12269 7 65 0.7008
12274 4 79 0.2441
12308 22 57 0.7008
12308 19 33 0.7874
12327 5 39 0.2441
12328 12 45 0.6299
12342 21 59 0.685
12344 15 33 0.5512
12344 12 57 0.6535
12361 9 45 0.748
12379 15 31 0.6535
12380 8 57 0.6772
12380 36 61 0.7165
12394 10 43 0.7008
12411 17 29 0.748
12411 19 62 0.748
12412 11 57 0.7244
12415 4 30 0.3465
12428 9 41 0.7638
12443 19 61 0.7165
12443 16 57 0.7559
12443 17 64 0.7402
12444 16 28 0.7638
12459 9 40 0.7717
12475 21 62 0.748
12476 18 65 0.8031
12476 19 57 0.685
12476 17 26 0.7638
12481 4 27 0.2992
12482 6 64 0.2677
12492 12 38 0.7402
12507 21 29 0.748
12509 17 62 0.7717
12509 19 57 0.7638
12510 21 53 0.7638
12525 9 41 0.7717
12542 19 61 0.6772
12542 19 28 0.7874
12542 12 55 0.7874
12543 16 64 0.748
12558 9 40 0.7874
12574 25 62 0.7244
12574 22 65 0.8031
12575 18 57 0.7638
12575 20 26 0.8189
12579 3 27 0.4252
12580 6 64 0.315
12592 11 38 0.5906
12607 16 60 0.7087
12608 20 57 0.5748
12609 17 25 0.7244
12610 15 66 0.6693
12612 9 67 0.6378
12627 8 37 0.7402
12642 15 67 0.8189
12642 20 24 0.7874
12643 33 62 0.7402
12643 17 58 0.7795
12659 10 36 0.7244
12675 11 58 0.811
12675 15 68 0.7795
12678 21 22 0.7008
12693 10 34 0.7402
12713 11 21 0.8189
12714 14 33 0.8189
12714 32 69 0.8583
12714 25 57 0.8661
12715 26 62 0.7165
12748 12 45 0.7559
12755 13 50 0.685
12764 7 53 0.7402
12771 8 57 0.7087
12780 13 62 0.685
12789 9 65 0.5512
12797 13 69 0.6772
12806 13 65 0.6378
12810 5 67 0.2205
12816 9 62 0.6299
12826 18 57 0.685
12834 11 62 0.6063
12843 8 65 0.7402
12851 10 69 0.6693
12859 10 74 0.7008
12865 9 77 0.7008
12875 12 83 0.7402
12878 8 81 0.3543
12883 18 86 0.5748
12890 13 89 0.6929
12896 9 93 0.7559
12904 11 98 0.7008
12910 10 101 0.6693
12918 68 105 0.874
12995 7 88 0.7559
12997 3 76 0.7008
13013 5 88 0.7165
13014 4 100 0.5827
13016 5 98 0.3937
13030 4 85 0.7008
13031 3 73 0.6614
13041 3 97 0.6772
13041 3 85 0.7008
13054 5 81 0.7717
13057 4 69 0.4016
13064 3 93 0.7795
13065 3 81 0.7087
13073 5 77 0.7008
13076 4 65 0.4882
13084 6 76 0.8819
13084 7 88 0.7795
13086 3 86 0.5591
13096 14 73 0.7638
13097 3 61 0.6772
13104 6 85 0.8189
13115 5 69 0.8583
13116 3 57 0.748
13125 5 69 0.8268
13125 6 81 0.8031
13137 5 64 0.7638
13139 3 52 0.7008
13148 4 64 0.8504
13149 5 76 0.7402
13150 3 74 0.6142
13161 3 60 0.748
13163 4 49 0.378
13168 4 61 0.8189
13168 7 73 0.7795
13183 3 57 0.7402
13185 3 45 0.5512
13191 6 57 0.8661
13191 7 69 0.8268
13204 5 52 0.8504
13206 3 40 0.6614
13208 3 41 0.5512
13215 5 52 0.8504
13216 5 64 0.7953
13228 5 49 0.8661
13228 3 37 0.7559
13239 6 49 0.7795
13239 6 61 0.7795
13241 3 58 0.5669
13252 6 45 0.8661
13253 7 33 0.7559
13257 4 35 0.252
13266 6 45 0.8425
13267 7 57 0.7953
13285 22 38 0.8819
13285 17 26 0.8661
13285 17 60 0.7795
13285 17 50 0.8976
13286 23 56 0.5591
13286 22 53 0.685
13289 6 57 0.3937
13317 12 38 0.5906
13318 7 50 0.8425
13338 10 62 0.7008
13338 6 53 0.8504
13338 3 57 0.6772
13340 10 38 0.6378
13340 9 50 0.874
13363 8 50 0.8504
13364 8 62 0.8189
13364 5 38 0.6929
13382 8 62 0.8189
13382 10 74 0.7953
13383 9 50 0.937
13384 7 38 0.7953
13406 8 74 0.7638
13407 3 76 0.7087
13424 8 74 0.8898
13424 12 86 0.8425
13424 8 62 0.9291
13425 7 50 0.8898
13427 4 77 0.3543
13428 4 83 0.3386
13452 7 86 0.937
13478 7 86 0.9606
13479 3 89 0.7402
13480 3 98 0.7795
13480 3 93 0.5591
13481 6 74 0.8425
13481 3 62 0.7165
13492 22 62 0.4961
13492 23 74 0.9921
13492 24 98 0.8031
13492 21 86 0.937
13492 23 89 0.8268
13493 23 93 0.5433
13495 8 96 0.3465
13496 4 95 0.3543
13608 161 23 0.9213
13608 163 36 0.8819
13609 140 37 0.9134
13609 179 35 0.8189
13609 105 34 0.7717
13609 184 28 0.9134
13609 135 21 0.6772
13609 185 38 0.7717
13610 183 26 0.8346
13610 94 33 0.7008
13610 187 29 0.7953
13610 174 24 0.8346
13610 88 31 0.6063
13610 124 27 0.6772
13610 119 22 0.6457
13611 91 45 0.6693
13615 43 52 0.5669
13618 3 53 0.5039
13620 4 49 0.4252
13626 24 53 0.2205
13756 17 31 0.0079
13757 41 41 0.0394
13767 25 33 0.0079
13793 6 40 0.1654
