50 12 75 0.6299
100 93 80 0.6299
650 12 104 0.6299
650 12 104 0.6299
700 12 72 0.6299
700 12 72 0.6299
934 12 64 0.6299
934 12 64 0.6299
937 12 109 0.6299
937 12 109 0.6299
1075 12 94 0.6299
1075 12 94 0.6299
1134 12 108 0.6299
1134 12 108 0.6299
1146 3 108 0.6299
1146 3 108 0.6299
1159 0 108 0.6299
1159 0 108 0.6299
1171 12 108 0.6299
1171 12 108 0.6299
1196 12 108 0.6299
1196 12 108 0.6299
1259 12 108 0.6299
1259 12 108 0.6299
1312 12 76 0.6299
1312 12 76 0.6299
1450 12 104 0.6299
1450 12 104 0.6299
1884 12 104 0.6299
1884 12 104 0.6299
1934 12 72 0.6299
1934 12 72 0.6299
2168 12 64 0.6299
2168 12 64 0.6299
2171 12 109 0.6299
2171 12 109 0.6299
2309 12 94 0.6299
2309 12 94 0.6299
2368 12 108 0.6299
2368 12 108 0.6299
2381 3 108 0.6299
2381 3 108 0.6299
2393 0 108 0.6299
2393 0 108 0.6299
2406 12 108 0.6299
2406 12 108 0.6299
2431 12 108 0.6299
2431 12 108 0.6299
2493 12 108 0.6299
2493 12 108 0.6299
2500 12 90 0.6299
2506 12 108 0.6299
2506 12 108 0.6299
2518 12 108 0.6299
2550 12 58 0.6299
2784 12 50 0.6299
2793 6 95 0.6299
2925 72 94 0.6299
2968 12 68 0.6299
2997 3 94 0.6299
3009 0 94 0.6299
3018 12 48 0.6299
3022 12 94 0.6299
3047 12 94 0.6299
3122 0 94 0.6299
3134 12 94 0.6299
3734 12 90 0.6299
3784 12 58 0.6299
4019 12 50 0.6299
4022 12 95 0.6299
4159 12 80 0.6299
4175 206 95 0.6299
4219 12 94 0.6299
4231 3 94 0.6299
4244 0 94 0.6299
4256 12 94 0.6299
4281 12 94 0.6299
4312 206 80 0.6299
4344 12 94 0.6299
4356 12 94 0.6299
4371 206 94 0.6299
4384 197 94 0.6299
4396 194 94 0.6299
4409 206 94 0.6299
4434 206 94 0.6299
4496 206 94 0.6299
4550 206 62 0.6299
5050 12 88 0.6299
5650 12 84 0.6299
5700 12 52 0.6299
5934 12 44 0.6299
5937 12 89 0.6299
6075 12 74 0.6299
6134 12 88 0.6299
6147 3 88 0.6299
6159 0 88 0.6299
6172 12 88 0.6299
6197 12 88 0.6299
6259 12 88 0.6299
6312 12 56 0.6299
6450 12 84 0.6299
6884 12 84 0.6299
6934 12 52 0.6299
7169 12 44 0.6299
7172 12 89 0.6299
7309 12 74 0.6299
7369 12 88 0.6299
7381 3 88 0.6299
7394 0 88 0.6299
7406 12 88 0.6299
7431 12 88 0.6299
7494 12 88 0.6299
7506 12 88 0.6299
