96 66 53 0.4409
130 7 57 0.3858
131 6 60 0.2756
163 28 57 0.378
165 28 60 0.3465
196 64 48 0.4409
229 8 57 0.3465
230 5 60 0.2835
264 19 57 0.3228
266 25 60 0.2756
298 65 50 0.3622
330 9 57 0.3701
331 5 60 0.3307
363 12 57 0.3937
365 15 60 0.378
398 71 48 0.5039
430 45 50 0.4488
446 25 77 0.4803
468 14 52 0.4252
469 24 81 0.4488
489 35 77 0.4567
518 73 53 0.3543
521 135 76 0.4803
559 11 57 0.378
563 5 60 0.2126
592 28 57 0.3465
594 24 60 0.3465
625 67 48 0.4409
659 11 57 0.3858
662 4 60 0.3307
676 20 77 0.4803
694 17 57 0.3543
698 6 60 0.315
698 23 81 0.4882
715 22 76 0.4173
733 67 50 0.3622
733 31 74 0.4882
765 8 57 0.2992
766 6 60 0.2835
784 18 74 0.4173
801 11 57 0.3386
803 16 77 0.4409
804 10 60 0.252
820 21 74 0.3622
839 26 72 0.4094
840 78 48 0.2913
873 8 57 0.3465
877 5 60 0.2362
906 6 57 0.3386
906 5 60 0.378
924 23 74 0.5039
945 59 47 0.4173
945 35 81 0.4882
978 5 53 0.4409
978 5 50 0.4252
979 51 79 0.5669
979 4 55 0.3307
1013 13 53 0.4016
1014 5 50 0.2756
1015 4 55 0.3622
1032 20 74 0.5118
1050 61 47 0.4016
1051 32 81 0.5354
1081 9 53 0.3937
1081 9 79 0.4961
1082 6 50 0.3701
1083 5 55 0.2992
1112 5 76 0.378
1112 11 53 0.3228
1114 5 50 0.2835
1118 34 77 0.5039
1151 68 47 0.3465
1153 148 74 0.4882
1186 10 53 0.4331
1190 5 55 0.2283
1221 8 50 0.2126
1224 12 53 0.315
1225 6 55 0.2362
1261 66 47 0.3071
1291 11 53 0.3622
1313 20 77 0.4173
1332 8 53 0.3307
1334 23 79 0.4488
1338 6 55 0.2205
1357 31 77 0.4016
1388 71 52 0.2913
1389 114 76 0.4252
1428 6 55 0.315
1461 22 55 0.4646
1463 19 60 0.3622
1496 64 50 0.4331
1529 8 55 0.4331
1530 4 60 0.3543
1548 16 76 0.4882
1562 7 55 0.4016
1563 4 60 0.3465
1566 16 79 0.3701
1579 18 76 0.5039
1598 31 72 0.4882
1603 64 48 0.3465
1630 10 52 0.3543
1631 6 55 0.3307
1647 16 72 0.4488
1663 9 52 0.3937
1665 18 76 0.4882
1666 5 55 0.3543
1682 19 72 0.4252
1703 36 70 0.4409
1706 66 46 0.4016
1735 6 55 0.3543
1754 17 70 0.4567
1774 19 72 0.4252
1775 5 55 0.2835
1796 30 70 0.4173
1821 66 53 0.378
1854 12 57 0.3858
1855 6 60 0.3543
1856 37 69 0.4016
1888 41 70 0.5118
1889 32 57 0.4173
1890 24 60 0.378
1923 72 53 0.378
1925 51 72 0.5118
1958 12 57 0.3858
1960 5 60 0.3465
1976 18 74 0.5354
1995 75 76 0.5748
1996 9 57 0.4331
1996 8 60 0.3937
2033 79 48 0.3228
2070 48 72 0.5039
2071 10 55 0.378
2071 13 52 0.4094
2115 13 52 0.3701
2116 10 55 0.3622
2117 62 74 0.4567
2175 43 76 0.4331
2176 124 52 0.3071
2176 105 48 0.2441
2177 138 55 0.315
2289 32 77 0.4882
2320 32 81 0.5039
2349 44 77 0.4724
2390 70 53 0.3386
2391 132 76 0.4567
2426 9 57 0.3937
2429 5 60 0.2756
2460 28 57 0.4016
2461 19 60 0.4016
2494 64 48 0.4882
2527 6 60 0.3858
2527 9 57 0.4331
2543 15 77 0.5433
2560 17 57 0.4173
2561 20 81 0.4803
2563 12 60 0.3465
2577 22 76 0.5039
2596 66 50 0.4409
2596 21 74 0.5827
2627 7 57 0.315
2628 6 60 0.3071
2644 17 77 0.5276
2661 14 57 0.3937
2661 17 81 0.5512
2662 12 60 0.3701
2678 19 86 0.5512
2700 79 88 0.5669
2700 74 48 0.3622
2734 8 57 0.3858
2735 4 60 0.3858
2765 6 57 0.3622
2765 6 60 0.3622
2783 18 86 0.4016
2800 66 47 0.4094
2801 40 89 0.5197
2832 10 53 0.4409
2834 51 88 0.5512
2835 6 55 0.4173
2836 5 50 0.3465
2865 14 50 0.3386
2867 13 53 0.3701
2868 6 55 0.315
2885 13 86 0.5039
2903 31 81 0.4567
2903 65 47 0.4173
2933 10 53 0.4409
2934 33 83 0.5118
2936 5 55 0.3386
2937 4 50 0.2992
2965 8 86 0.5512
2965 11 50 0.3465
2966 8 53 0.4094
2967 5 55 0.3858
2995 5 86 0.3071
2999 64 47 0.4252
3001 9 88 0.5984
3005 61 89 0.5276
3035 5 53 0.4331
3035 5 50 0.3858
3036 4 55 0.378
3065 11 50 0.3937
3067 11 53 0.4173
3068 5 55 0.3543
3089 10 89 0.4567
3099 7 88 0.4488
3104 77 47 0.4173
3106 62 86 0.4724
3140 10 53 0.4331
3142 6 55 0.315
3144 5 50 0.2913
3175 19 50 0.315
3175 21 53 0.3543
3177 25 55 0.3386
3198 21 89 0.4724
3221 27 91 0.4567
3244 33 89 0.4724
3273 152 88 0.4173
3275 102 55 0.3307
3277 67 52 0.2362
3278 89 60 0.2992
3422 62 50 0.2677
3423 55 55 0.2992
3425 46 60 0.2677
3499 19 88 0.4724
3519 24 91 0.4724
3536 25 88 0.4173
3562 51 52 0.315
3562 39 84 0.4016
3563 54 48 0.2283
3563 54 55 0.2835
3620 20 84 0.4094
3639 24 88 0.5276
3659 25 84 0.4724
3682 104 55 0.3307
3683 107 52 0.3543
3685 18 82 0.4724
3685 98 46 0.2756
3706 15 84 0.4882
3722 14 86 0.5433
3739 11 88 0.5906
3757 20 91 0.5354
3778 9 93 0.5748
3806 10 94 0.3701
3806 35 48 0.378
3821 9 96 0.2598
3831 4 94 0.378
3836 12 52 0.378
3840 7 96 0.4173
3840 5 55 0.2598
3850 5 94 0.3701
3858 9 96 0.3543
3866 8 94 0.3543
3875 7 52 0.315
3875 7 55 0.315
3877 9 96 0.4094
3885 8 94 0.4016
3897 8 96 0.4567
3904 8 94 0.5039
3905 20 43 0.5118
3915 9 96 0.5039
3925 9 94 0.4409
3935 8 96 0.4173
3940 10 52 0.3701
3943 5 55 0.2756
3945 8 94 0.4409
3955 14 96 0.3937
3971 13 94 0.3228
3973 13 52 0.2913
3973 8 55 0.3228
4013 43 82 0.5118
4015 62 48 0.4173
4048 10 52 0.4724
4049 51 81 0.4882
4049 4 55 0.3543
4078 13 52 0.4961
4081 17 55 0.4173
4098 19 79 0.5354
4114 67 43 0.4646
4115 44 86 0.5512
4149 7 52 0.4094
4150 36 81 0.5276
4150 4 55 0.4173
4181 6 52 0.3858
4183 6 55 0.4331
4185 39 79 0.5039
4223 15 41 0.4331
4223 106 81 0.5984
4257 12 53 0.4331
4260 6 57 0.3465
4292 27 53 0.4882
4293 19 57 0.3622
4329 67 48 0.3701
4330 72 77 0.5276
4363 7 53 0.3937
4364 5 57 0.3071
4397 5 53 0.4488
4399 4 57 0.3386
4433 14 41 0.4409
4434 35 81 0.4646
4468 11 53 0.4331
4468 7 57 0.4331
4470 48 79 0.5984
4500 9 53 0.5118
4501 3 57 0.4724
4517 19 77 0.5748
4536 10 38 0.5276
4537 38 81 0.5984
4569 7 53 0.4409
4570 5 59 0.4803
4571 32 78 0.5906
4602 9 53 0.4331
4603 6 59 0.4409
4604 29 74 0.5512
4642 16 71 0.4882
4643 171 47 0.315
4679 159 53 0.4252
4681 135 59 0.315
4683 19 85 0.3543
4703 12 86 0.3937
4720 13 87 0.4488
4736 16 88 0.4331
4755 14 89 0.4252
4770 15 90 0.4488
4787 10 91 0.4724
4805 12 92 0.3937
4819 14 93 0.3937
4834 6 94 0.4094
4853 18 94 0.4488
4855 167 50 0.4252
4871 12 93 0.4331
4883 142 53 0.3622
4885 148 59 0.3071
4888 13 92 0.4252
4903 13 91 0.378
4917 25 90 0.4016
4936 14 89 0.3701
4951 17 88 0.3543
4970 15 87 0.378
4989 18 86 0.3701
5007 34 85 0.3465
5030 22 84 0.3228
5053 9 83 0.3465
5091 41 76 0.3465
5091 160 52 0.2441
5092 160 55 0.315
5094 166 60 0.2598
5131 74 79 0.4488
5185 21 74 0.4409
5207 5 76 0.2835
5245 45 70 0.3228
5288 48 71 0.3622
5335 50 72 0.3386
5335 178 64 0.1969
5337 168 60 0.2677
5337 176 56 0.2205
5492 13 84 0.2756
5510 15 86 0.2992
5529 15 88 0.3701
5549 6 89 0.4173
5568 10 91 0.4094
5580 22 93 0.4567
5604 51 89 0.4094
5636 181 88 0.3465
5638 85 53 0.2992
5681 92 57 0.2992
5681 75 60 0.2913
5789 70 48 0.2992
5828 38 57 0.378
5830 31 60 0.3307
5845 16 89 0.4331
5865 22 93 0.4961
5883 22 88 0.4646
5905 30 86 0.5433
5906 63 50 0.378
5944 21 57 0.3701
5946 26 60 0.3228
5961 18 86 0.4331
5980 20 89 0.4724
6000 16 93 0.5039
6024 41 96 0.4882
6025 81 48 0.3701
6066 24 57 0.3307
6069 28 60 0.378
6126 23 89 0.4724
6149 42 93 0.4724
6150 86 47 0.3465
6188 34 55 0.3858
6188 61 91 0.5118
6188 49 59 0.3937
6249 21 86 0.4252
6270 35 93 0.5039
6271 50 50 0.4016
6305 10 91 0.5512
6306 11 55 0.3543
6307 6 59 0.3543
6341 8 88 0.4016
6348 62 89 0.4567
6393 93 47 0.3307
6395 178 86 0.4724
6442 62 55 0.4016
6442 59 59 0.3543
6554 61 50 0.315
6596 25 55 0.3071
6596 27 59 0.2756
6618 20 89 0.4646
6641 24 91 0.3937
6663 34 89 0.4252
6693 102 52 0.252
6695 155 88 0.3622
6742 79 55 0.2047
6745 75 60 0.2283
6845 59 50 0.3543
6883 21 55 0.4331
6885 15 60 0.3937
6902 18 88 0.4803
6921 24 91 0.4724
6938 22 88 0.4567
6958 58 48 0.3543
6960 36 84 0.4724
6994 23 52 0.378
6997 16 55 0.378
7014 21 84 0.4567
7036 26 88 0.4646
7059 42 84 0.3937
7093 59 46 0.2835
7096 130 82 0.4173
7237 225 57 0.2992
7238 228 53 0.2756
7238 222 60 0.2835
7280 10 69 0.4173
7281 10 81 0.3465
7325 11 82 0.5512
7325 12 70 0.4567
7372 8 72 0.4567
7372 9 84 0.5197
7440 4 74 0.4488
7441 8 86 0.3228
7463 59 88 0.5906
7463 63 76 0.5118
7510 332 52 0.4409
7510 341 55 0.4016
7512 331 48 0.3622
7558 12 72 0.4567
7558 15 84 0.4488
7615 10 74 0.4724
7616 13 86 0.4173
7689 31 88 0.4724
7689 132 76 0.4409
7825 33 77 0.5354
7855 33 81 0.4567
7886 41 77 0.4724
7926 185 76 0.4882
7927 74 53 0.3937
7965 9 57 0.378
7966 8 60 0.3701
8000 28 57 0.4252
8001 20 60 0.4016
8033 64 48 0.4724
8067 9 57 0.4409
8068 6 60 0.4331
8100 8 57 0.4409
8101 5 60 0.4488
8129 81 50 0.4252
8141 12 57 0.3465
8142 10 60 0.3937
8175 10 57 0.3386
8176 6 60 0.3465
8210 23 57 0.3701
8212 19 60 0.315
8248 181 48 0.3858
8290 148 57 0.378
8290 115 60 0.3701
8319 37 77 0.4016
8351 42 81 0.4331
8390 57 77 0.3937
8443 622 76 0.315
8588 71 65 0.2677
8666 198 64 0.252
8885 260 65 0.1339
9130 42 77 0.3543
9168 43 81 0.3622
9208 72 77 0.3386
9273 316 76 0.2913
9274 112 60 0.189
9275 114 57 0.2205
9276 111 53 0.2362
9515 174 57 0.2756
9515 160 52 0.2598
9516 164 60 0.2205
9652 30 77 0.2913
9680 30 81 0.3622
9710 50 76 0.4173
9753 62 74 0.3701
9754 114 53 0.252
9754 123 57 0.2205
9754 124 60 0.2362
9837 39 74 0.3465
9874 41 77 0.378
9912 65 74 0.378
9972 116 72 0.315
9975 133 51 0.2047
9976 133 57 0.2756
9977 130 60 0.1811
10136 85 71 0.3228
10221 63 81 0.3386
10221 133 55 0.2992
10222 131 50 0.2047
10223 138 59 0.2283
10283 94 79 0.4331
10375 37 74 0.3701
10409 136 55 0.2756
10410 132 50 0.2283
10411 66 81 0.3937
10471 69 79 0.4173
10537 88 77 0.3622
10618 250 55 0.2126
10618 205 74 0.3071
10618 236 50 0.1732
10622 246 59 0.1811
10882 27 77 0.2756
10914 33 79 0.2913
10944 50 77 0.315
10988 240 76 0.3543
10990 84 55 0.2283
10991 79 52 0.1811
10991 75 60 0.2126
11195 109 55 0.3071
11196 111 50 0.3307
11197 97 60 0.315
11295 31 76 0.4094
11322 29 79 0.4331
11346 32 76 0.4331
11375 55 72 0.4016
11377 93 52 0.3543
11378 91 48 0.3071
11378 92 55 0.2913
11448 31 72 0.4803
11478 37 76 0.4173
11508 54 72 0.4409
11556 168 70 0.3858
11556 75 55 0.2283
11557 63 46 0.2283
11557 70 52 0.3465
11809 231 57 0.2283
11809 232 60 0.1969
11809 231 53 0.2126
11858 52 69 0.3622
11907 54 70 0.4173
11961 95 72 0.5039
12035 20 74 0.3937
12060 108 76 0.4567
12112 340 55 0.3071
12113 344 60 0.2756
12113 336 52 0.2756
12171 64 72 0.3701
12236 93 74 0.3465
12325 131 76 0.2913
12580 119 77 0.2283
12580 120 69 0.2362
12787 124 76 0.2283
12787 120 69 0.1102
12998 132 69 0.2677
13002 128 77 0.1811
13221 166 69 0.1969
13222 171 76 0.252
13359 36 89 0.3465
13389 38 93 0.4173
13424 54 89 0.4173
13472 319 88 0.3543
13472 147 69 0.2126
13473 147 77 0.2283
13696 143 69 0.1969
13701 146 76 0.1339
13812 28 89 0.3465
13843 27 93 0.3937
13868 44 88 0.4016
13907 63 86 0.3858
13908 107 77 0.2441
13909 126 69 0.2362
14020 37 86 0.2677
14050 35 89 0.4094
14084 57 86 0.315
14134 132 72 0.189
14135 131 69 0.2598
14135 133 63 0.1496
14135 84 84 0.252
14323 76 86 0.3701
14395 77 93 0.3937
14395 151 62 0.252
14397 145 67 0.2441
14398 122 59 0.2205
14467 96 91 0.4331
14563 40 86 0.4409
14593 111 62 0.3543
14594 69 93 0.4724
14595 126 57 0.252
14596 109 67 0.2835
14656 67 91 0.4409
14719 81 89 0.4094
14793 92 59 0.2756
14794 88 55 0.1969
14795 364 86 0.3622
14795 76 62 0.2362
15006 140 53 0.2047
15008 146 59 0.252
15009 152 62 0.2441
15158 38 89 0.3543
15194 37 91 0.3465
15225 53 89 0.3937
15271 230 88 0.3071
15272 107 72 0.2205
15273 109 76 0.2756
15462 96 72 0.1654
15567 34 88 0.3307
15596 33 91 0.4331
15625 47 88 0.4252
15666 70 84 0.3465
15667 133 70 0.2205
15667 127 72 0.2283
15667 130 67 0.2677
15758 39 84 0.3622
15793 39 88 0.4409
15833 60 84 0.3465
15887 169 82 0.3622
15888 98 67 0.2441
15889 100 70 0.2047
16101 298 65 0.2756
16101 289 60 0.2283
16103 298 69 0.2126
16160 62 81 0.3937
16218 59 82 0.4488
16275 65 84 0.3937
16340 67 86 0.4567
16408 139 88 0.4409
16481 417 60 0.2598
16482 422 55 0.2362
16484 413 64 0.2913
16552 72 84 0.3701
16625 85 86 0.3858
16705 87 88 0.3701
16790 97 89 0.3701
16887 148 91 0.4016
17029 831 89 0.4016
17034 126 60 0.2126
17034 125 57 0.2362
17034 130 53 0.1417
17256 132 57 0.2362
17256 127 52 0.2126
17257 121 60 0.2362
17477 146 57 0.2283
17478 141 53 0.2756
17479 130 60 0.2205
17716 138 57 0.2047
17716 128 60 0.1811
17718 127 52 0.1496
18008 1039 41 0.315
18023 1030 48 0.3701
18033 1013 53 0.3543
18043 1012 57 0.3228
18058 999 60 0.2598
18071 991 65 0.3543
