1125 24 77 0.5039
1150 24 81 0.5039
1175 24 77 0.5039
1200 99 76 0.5039
1425 24 77 0.5039
1450 24 81 0.5039
1475 24 77 0.5039
1500 49 76 0.5039
1575 24 74 0.5039
1600 24 77 0.5039
1625 24 74 0.5039
1650 49 72 0.5039
1775 24 74 0.5039
1800 49 81 0.5039
1850 49 79 0.5039
1925 24 74 0.5039
1950 49 81 0.5039
2000 49 79 0.5039
2075 24 74 0.5039
2100 149 74 0.5039
2325 24 77 0.5039
2350 24 79 0.5039
2375 24 77 0.5039
2400 149 76 0.5039
2625 24 76 0.5039
2650 24 79 0.5039
2675 24 76 0.5039
2700 74 72 0.5039
2775 24 72 0.5039
2800 24 76 0.5039
2825 24 72 0.5039
2850 49 70 0.5039
2925 24 71 0.5039
2950 24 72 0.5039
2975 24 71 0.5039
3050 49 69 0.5039
3100 49 70 0.5039
3150 49 72 0.5039
3225 24 74 0.5039
3250 49 76 0.5039
3350 49 72 0.5039
3400 49 74 0.5039
3450 49 76 0.5039
3525 24 77 0.5039
3550 24 81 0.5039
3575 24 77 0.5039
3600 99 76 0.5039
3825 24 77 0.5039
3850 24 81 0.5039
3875 24 77 0.5039
3900 49 76 0.5039
3975 24 74 0.5039
4000 24 77 0.5039
4025 24 74 0.5039
4050 49 72 0.5039
4175 24 74 0.5039
4200 49 81 0.5039
4250 49 79 0.5039
4325 24 74 0.5039
4350 49 81 0.5039
4400 49 79 0.5039
4475 24 77 0.5039
4500 149 74 0.5039
4725 24 77 0.5039
4750 24 79 0.5039
4775 24 77 0.5039
4800 149 76 0.5039
5025 24 76 0.5039
5050 24 79 0.5039
5075 24 76 0.5039
5100 74 72 0.5039
5175 24 72 0.5039
5200 24 76 0.5039
5225 24 72 0.5039
5250 49 70 0.5039
5325 24 71 0.5039
5350 24 72 0.5039
5375 24 71 0.5039
5450 49 69 0.5039
5500 49 70 0.5039
5550 49 72 0.5039
5625 24 74 0.5039
5650 49 76 0.5039
5750 49 72 0.5039
5800 49 74 0.5039
5850 49 76 0.5039
5925 24 77 0.5039
5950 24 79 0.5039
6000 49 72 0.2598
6050 99 77 0.2598
6300 49 72 0.2598
6350 99 79 0.2598
6600 49 74 0.2598
6650 99 79 0.2598
6900 49 74 0.2598
6950 99 79 0.2598
7200 49 74 0.2598
7250 99 79 0.2598
7500 49 72 0.2598
7550 99 79 0.2598
7800 49 74 0.2598
7850 99 79 0.2598
8100 99 78 0.3858
8325 24 79 0.5039
8350 24 83 0.5039
8375 24 79 0.5039
8400 49 78 0.5039
8625 24 79 0.5039
8650 24 83 0.5039
8675 24 78 0.5039
8700 49 76 0.5039
8775 24 76 0.5039
8800 24 79 0.5039
8825 24 76 0.5039
8850 49 74 0.5039
8975 24 76 0.5039
9000 49 83 0.5039
9000 49 64 0.5039
9050 49 81 0.5039
9050 49 69 0.5039
9100 74 73 0.5039
9175 49 83 0.5039
9175 49 64 0.5039
9225 49 81 0.5039
9225 49 69 0.5039
9275 49 67 0.5039
9325 12 79 0.5039
9337 12 78 0.5039
9350 12 77 0.5039
9362 49 76 0.5039
9362 49 64 0.5039
9412 49 69 0.5039
9462 49 73 0.5039
9512 199 64 0.5039
9750 99 78 0.5039
9900 99 74 0.5039
10050 99 72 0.5039
10200 99 69 0.5039
10425 24 79 0.5039
10450 24 83 0.5039
10475 24 79 0.5039
10500 149 78 0.5039
10500 149 74 0.5039
10500 149 71 0.5039
10500 149 67 0.5039
10725 24 79 0.5039
10750 24 83 0.5039
10775 24 78 0.5039
10800 149 76 0.5039
10800 149 72 0.5039
10800 149 69 0.5039
11025 24 76 0.5039
11050 24 79 0.5039
11075 24 76 0.5039
11100 149 74 0.5039
11375 24 76 0.5039
11400 49 83 0.5039
11400 99 73 0.5039
11400 99 71 0.5039
11400 99 67 0.5039
11400 99 64 0.5039
11450 49 81 0.5039
11525 24 76 0.5039
11550 49 83 0.5039
11600 49 81 0.5039
11675 24 79 0.5039
11700 149 76 0.5039
11700 149 73 0.5039
11700 149 71 0.5039
11700 149 67 0.5039
11700 149 64 0.5039
11925 24 78 0.5039
11950 24 81 0.5039
11975 24 78 0.5039
12000 49 76 0.5039
12000 149 69 0.5039
12000 149 66 0.5039
12000 149 62 0.5039
12225 24 78 0.5039
12250 24 81 0.5039
12275 24 78 0.5039
12300 49 74 0.5039
12375 24 74 0.5039
12400 24 76 0.5039
12425 24 74 0.5039
12450 149 72 0.5039
12600 49 71 0.6299
12650 49 71 0.6299
12700 49 72 0.6299
12750 49 74 0.6299
12825 24 76 0.6299
12850 24 78 0.7559
12950 49 74 0.7559
13000 49 76 0.7559
13050 49 78 0.7559
13125 24 79 0.7559
13150 24 81 0.8819
13200 49 79 0.5039
13200 149 74 0.5039
13200 149 71 0.5039
13200 149 67 0.5039
13350 49 78 0.5039
13350 149 74 0.5039
13350 149 71 0.5039
13350 149 67 0.5039
13500 49 79 0.5039
13500 149 74 0.5039
13500 149 71 0.5039
13500 149 67 0.5039
13650 49 78 0.5039
13650 149 74 0.5039
13650 149 71 0.5039
13650 149 67 0.5039
13800 149 79 0.9921
0 149 53 0.5039
50 49 60 0.5039
50 49 57 0.5039
100 49 60 0.5039
100 49 57 0.5039
150 149 52 0.5039
200 49 60 0.5039
200 49 57 0.5039
250 49 60 0.5039
250 49 57 0.5039
300 149 50 0.5039
350 49 60 0.5039
350 49 57 0.5039
400 49 60 0.5039
400 49 57 0.5039
450 149 48 0.5039
500 49 60 0.5039
500 49 57 0.5039
550 49 60 0.5039
550 49 57 0.5039
600 149 53 0.5039
650 49 60 0.5039
650 49 57 0.5039
700 49 60 0.5039
700 49 57 0.5039
750 149 52 0.5039
800 49 60 0.5039
800 49 57 0.5039
850 49 60 0.5039
850 49 57 0.5039
900 149 50 0.5039
950 49 60 0.5039
950 49 57 0.5039
1000 49 60 0.5039
1000 49 57 0.5039
1050 149 48 0.5039
1200 149 53 0.5039
1250 49 60 0.5039
1250 49 57 0.5039
1300 49 60 0.5039
1300 49 57 0.5039
1350 149 52 0.5039
1400 49 60 0.5039
1400 49 57 0.5039
1450 49 60 0.5039
1450 49 57 0.5039
1500 149 50 0.5039
1550 49 60 0.5039
1550 49 57 0.5039
1600 49 60 0.5039
1600 49 57 0.5039
1650 149 48 0.5039
1700 49 60 0.5039
1700 49 57 0.5039
1750 49 60 0.5039
1750 49 57 0.5039
1800 149 47 0.5039
1850 49 55 0.5039
1850 49 50 0.5039
1900 49 55 0.5039
1900 49 50 0.5039
1950 149 47 0.5039
2000 49 55 0.5039
2000 49 50 0.5039
2050 49 55 0.5039
2050 49 50 0.5039
2100 149 47 0.5039
2150 49 55 0.5039
2150 49 50 0.5039
2200 49 55 0.5039
2200 49 50 0.5039
2250 149 47 0.5039
2300 49 55 0.5039
2300 49 50 0.5039
2350 49 55 0.5039
2350 49 50 0.5039
2400 149 52 0.5039
2450 49 60 0.5039
2450 49 55 0.5039
2500 49 60 0.5039
2500 49 55 0.5039
2550 149 50 0.5039
2600 49 60 0.5039
2600 49 55 0.5039
2650 49 60 0.5039
2650 49 55 0.5039
2700 149 48 0.5039
2750 49 55 0.5039
2750 49 52 0.5039
2800 49 55 0.5039
2800 49 52 0.5039
2850 49 46 0.5039
2900 49 55 0.5039
2900 49 50 0.5039
2950 49 55 0.5039
2950 49 50 0.5039
3000 149 53 0.5039
3050 49 60 0.5039
3050 49 57 0.5039
3100 49 60 0.5039
3100 49 57 0.5039
3150 149 53 0.5039
3200 49 60 0.5039
3200 49 57 0.5039
3250 49 60 0.5039
3250 49 57 0.5039
3300 149 48 0.5039
3350 49 55 0.5039
3350 49 52 0.5039
3400 49 55 0.5039
3400 49 52 0.5039
3450 149 48 0.5039
3600 149 53 0.5039
3650 49 60 0.5039
3650 49 57 0.5039
3700 49 60 0.5039
3700 49 57 0.5039
3750 149 52 0.5039
3800 49 60 0.5039
3800 49 57 0.5039
3850 49 60 0.5039
3850 49 57 0.5039
3900 149 50 0.5039
3950 49 60 0.5039
3950 49 57 0.5039
4000 49 60 0.5039
4000 49 57 0.5039
4050 149 48 0.5039
4100 49 60 0.5039
4100 49 57 0.5039
4150 49 60 0.5039
4150 49 57 0.5039
4200 149 47 0.5039
4250 49 55 0.5039
4250 49 50 0.5039
4300 49 55 0.5039
4300 49 50 0.5039
4350 149 47 0.5039
4400 49 55 0.5039
4400 49 50 0.5039
4450 49 55 0.5039
4450 49 50 0.5039
4500 149 47 0.5039
4550 49 55 0.5039
4550 49 50 0.5039
4600 49 55 0.5039
4600 49 50 0.5039
4650 149 47 0.5039
4700 49 55 0.5039
4700 49 50 0.5039
4750 49 55 0.5039
4750 49 53 0.5039
4750 49 50 0.5039
4800 149 52 0.5039
4850 49 60 0.5039
4850 49 55 0.5039
4900 49 60 0.5039
4900 49 55 0.5039
4950 149 50 0.5039
5000 49 60 0.5039
5000 49 53 0.5039
5050 49 60 0.5039
5050 49 53 0.5039
5100 149 48 0.5039
5150 49 55 0.5039
5150 49 52 0.5039
5200 49 55 0.5039
5200 49 52 0.5039
5250 49 46 0.5039
5300 49 55 0.5039
5300 49 50 0.5039
5350 49 55 0.5039
5350 49 50 0.5039
5400 149 53 0.5039
5450 49 60 0.5039
5450 49 57 0.5039
5500 49 60 0.5039
5500 49 57 0.5039
5550 149 53 0.5039
5600 49 60 0.5039
5600 49 57 0.5039
5650 49 60 0.5039
5650 49 57 0.5039
5700 149 48 0.5039
5750 49 55 0.5039
5750 49 52 0.5039
5800 49 55 0.5039
5800 49 52 0.5039
5850 149 48 0.5039
5900 49 55 0.5039
5900 49 52 0.5039
5950 49 55 0.5039
5950 49 52 0.5039
6000 49 53 0.2598
6050 99 60 0.2598
6050 99 57 0.2598
6150 49 48 0.2598
6200 99 60 0.2598
6200 99 57 0.2598
6300 49 53 0.2598
6350 99 60 0.2598
6350 99 57 0.2598
6450 49 50 0.2598
6500 49 52 0.2598
6550 49 54 0.2598
6600 49 55 0.2598
6650 99 62 0.2598
6650 99 59 0.2598
6750 49 50 0.2598
6800 99 62 0.2598
6800 99 59 0.2598
6900 49 55 0.2598
6950 249 62 0.2598
6950 249 59 0.2598
7200 49 55 0.2598
7250 249 62 0.2598
7250 249 59 0.2598
7500 49 48 0.2598
7550 249 60 0.2598
7550 249 55 0.2598
7800 49 55 0.2598
7850 249 62 0.2598
7850 249 59 0.2598
8100 149 62 0.3858
8100 149 57 0.3858
8100 149 54 0.3858
8400 49 59 0.5039
8450 49 62 0.5039
8500 49 67 0.5039
8550 49 59 0.5039
8600 49 62 0.5039
8650 49 66 0.5039
8700 49 59 0.5039
8750 49 62 0.5039
8800 49 64 0.5039
8850 49 56 0.5039
8900 49 59 0.5039
8950 49 62 0.5039
9750 49 57 0.5039
9800 49 62 0.5039
9850 49 66 0.5039
9900 49 57 0.5039
9950 49 62 0.5039
10000 49 64 0.5039
10050 49 57 0.5039
10100 49 60 0.5039
10150 49 62 0.5039
10200 49 52 0.5039
10250 49 57 0.5039
10300 199 60 0.5039
12600 149 59 0.6299
12600 149 48 0.6299
12900 149 62 0.7559
12900 149 57 0.7559
12900 149 48 0.7559
13800 199 50 0.9921
13800 199 47 0.9921
13800 199 43 0.9921
